9.999999999999999547e-07,1.756679411823480446e-05
1.096816005273138014e-06,1.525859393916717132e-05
1.203005349423324184e-06,1.324314593423037461e-05
1.319475521676705910e-06,1.148468362935434706e-05
1.447221870741134366e-06,9.951640439720814434e-06
1.587336111010208705e-06,8.616177428099790274e-06
1.741015652304015331e-06,7.453760943736650143e-06
1.909573832878096448e-06,6.442785734550935309e-06
2.094451143151468901e-06,5.564239427521033683e-06
2.297227536071151343e-06,4.801404157722598764e-06
2.519635929317013282e-06,4.139591197698795696e-06
2.763577014736157548e-06,3.565904870978458274e-06
3.031135501567576034e-06,3.069032610268566293e-06
3.324597932270938332e-06,2.639058476604722655e-06
3.646472223212744903e-06,2.267297719303217219e-06
3.999509097203669772e-06,1.946150126655049357e-06
4.386725591048494378e-06,1.668970102141117378e-06
4.811430839003264423e-06,1.429951621702836196e-06
5.277254352483532008e-06,1.224026444412987696e-06
5.788177037701280115e-06,1.046774129319473026e-06
6.348565216305222930e-06,8.943425576568474330e-07
6.963207939763891358e-06,7.633777895475135975e-07
7.637357916378026724e-06,6.509622069488086233e-07
8.376776400682923638e-06,5.545600082362494930e-07
9.187782428863339748e-06,4.719692212511843814e-07
1.007730682094461773e-05,4.012794913490266067e-07
1.105295141126022199e-05,3.408349812675615928e-07
1.212305401337652729e-05,2.892017919944668741e-07
1.329675967466212602e-05,2.451393788081721381e-07
1.458409882943986393e-05,2.075754947967849373e-07
1.599607301861487752e-05,1.755842461450174253e-07
1.754474890833459822e-05,1.483668899773309026e-07
1.924336141115980055e-05,1.252350472074067452e-07
2.110642679101555104e-05,1.055741813954072860e-07
2.314986671851160856e-05,8.892007629562470523e-08
2.539114433680346642e-05,7.481109314312048419e-08
2.784941350080644140e-05,6.287118567584339684e-08
3.054568246515432163e-05,5.277790399465064318e-08
3.350299341977229842e-05,4.426753237472133359e-08
3.674661940736687922e-05,3.706626824754192642e-08
4.030428030568051443e-05,3.100956107156318668e-08
4.420637972028530196e-05,2.591243660777877098e-08
4.848626481239078214e-05,2.162777980518948578e-08
5.318051128214196547e-05,1.803025318654976659e-08
5.832923594286212095e-05,1.501319167232650723e-08
6.397643955748424092e-05,1.248592262764110895e-08
7.017038286703836689e-05,1.037145544378084037e-08
7.696399902471150959e-05,8.604491906275074965e-09
8.441534596012993945e-05,7.129714714381889075e-09
9.258810253973946442e-05,5.900316889205507240e-09
1.015521127634568086e-04,4.876739554160693786e-09
1.113839826482619416e-04,4.025589752586386851e-09
1.221677348996791812e-04,3.318713648581323143e-09
1.339955269659338412e-04,2.732403695063526451e-09
1.469684386112446071e-04,2.246721181218538120e-09
1.611973357388157043e-04,1.844918050337957329e-09
1.768038178457208417e-04,1.512944041711356611e-09
1.939212572065831012e-04,1.239027090710096582e-09
2.126959386668691900e-04,1.013316552502612308e-09
2.332883097864158460e-04,8.275802304601686822e-10
2.558743520168589233e-04,6.749474295095224891e-10
2.806470846309838869e-04,5.496913279310143080e-10
3.078182142565079478e-04,4.470448925822915642e-10
3.376199441111339922e-04,3.630453664530032682e-10
3.703069584005140493e-04,2.944030630367467781e-10
4.061585988376979588e-04,2.383908120595977109e-10
4.454812518844988400e-04,1.927509300867427219e-10
4.886109671160326559e-04,1.556170408496596063e-10
5.359163290848514881e-04,1.254484597850383059e-10
5.878016072274911547e-04,1.009751979953736081e-10
6.447102107323868887e-04,8.115193052598569660e-11
7.071284778942996639e-04,6.511952241103381324e-11
7.755898323389001994e-04,5.217291657399493702e-11
8.506793416364161154e-04,4.173436944288550487e-11
9.330387172620369486e-04,3.333117704947154353e-11
1.023371798632520275e-03,2.657716682214216098e-11
1.122450568085306974e-03,2.115734231662822228e-11
1.231121748203890722e-03,1.681516317977124263e-11
1.350314037869873715e-03,1.334202419871339945e-11
1.481046048880675734e-03,1.056856697155227035e-11
1.624435010958867089e-03,8.357516347332668903e-12
1.781706319545730676e-03,6.597783147665223737e-12
1.954204007974053459e-03,5.199616680922198496e-12
2.143402233514856738e-03,4.090626316040479839e-12
2.350917875457286636e-03,3.212521576969342785e-12
2.578524352884273892e-03,2.518445300598809041e-12
2.828166780230032939e-03,1.970795534016965687e-12
3.101978590138096837e-03,1.539449517645412771e-12
3.402299765678071415e-03,1.200318042695182514e-12
3.731696837732755619e-03,9.341708020315599306e-13
4.092984818452442136e-03,7.256835661285506732e-13
4.489251258218607613e-03,5.626666885795758850e-13
4.923882631706741689e-03,4.354414926468054279e-13
5.400593278542373601e-03,3.363371077223138420e-13
5.923457145875806254e-03,2.592852120623762819e-13
6.496942604146124095e-03,1.994942079625620154e-13
7.125950633568410228e-03,1.531877423918438387e-13
7.815856707684091381e-03,1.173952720752780832e-13
8.572556731909325087e-03,8.978459792609182605e-14
9.402517429670131932e-03,6.852825156205209082e-14
1.031283160672184784e-02,5.219707866960309408e-14
1.131127876593921409e-02,3.967567922330582534e-14
1.240639159058831882e-02,3.009506803916442956e-14
1.360752886424333036e-02,2.278000148904602411e-14
1.492495545051829124e-02,1.720650657770367111e-14
1.636993001611701873e-02,1.296900205637887161e-14
1.795480124687830539e-02,9.754174300438211158e-15
1.969311337907421466e-02,7.320504769303314003e-15
2.159972194782716973e-02,5.482215838572701469e-15
2.369092074182631985e-02,4.096717201564644615e-15
2.598458104929247253e-02,3.054804786013140160e-15
2.850030438518105086e-02,2.273029573074576166e-15
3.125959000482284034e-02,1.687765320770876716e-15
3.428601863556589996e-02,1.250608257014610868e-15
3.760545399658175858e-02,9.248213962747627905e-16
4.124626382901356442e-02,6.825842744521628827e-16
4.523956232538058064e-02,5.028798066139243477e-16
4.961947603002907908e-02,3.698659293091461640e-16
5.442343548300272033e-02,2.716317570926786897e-16
5.969249509970739331e-02,1.992426933625624960e-16
6.547168402004742427e-02,1.460123510202044986e-16
7.181039092537355728e-02,1.069511503993157646e-16
7.876278611187063905e-02,7.834235091459259132e-17
8.638828442740453806e-02,5.742693606817691701e-17
9.475205302806546936e-02,4.216010347919751468e-17
1.039255682936713054e-01,3.102834844127730995e-17
1.139872266616052537e-01,2.292092593520670531e-17
1.250230145991456099e-01,1.702518314619420662e-17
1.371272434398400908e-01,1.272933843992704897e-17
1.504033553638025045e-01,9.599949973170421051e-18
1.649648074098020722e-01,7.317546567803635761e-18
1.809360410738716507e-01,5.645309371233758641e-18
1.984535457805803316e-01,4.416140777548694212e-18
2.176670253153459023e-01,3.507542597333300875e-18
2.387406771860647037e-01,2.829858959801008982e-18
2.618545958474232660e-01,2.319897968998170958e-18
2.872063117797828413e-01,1.931479831484365646e-18
3.150124795755327445e-01,1.631682039006332631e-18
3.455107294592217881e-01,1.396281514751779639e-18
3.789616980644715527e-01,1.208624855228145940e-18
4.156512558225987641e-01,1.056325608696826918e-18
4.558929499981058675e-01,9.306331979060126484e-19
5.000306842491090142e-01,8.252605623147060346e-19
5.484416576121015074e-01,7.354370824017293561e-19
6.015395880274833074e-01,6.580376451732463304e-19
6.597782479539546774e-01,5.904502278489478278e-19
7.236553422869664853e-01,5.309868016367892516e-19
7.937167617217559812e-01,4.782472330365249248e-19
8.705612479099873457e-01,4.311645585033740537e-19
9.548455102782302806e-01,3.889769236796071771e-19
1.047289838236359572e+00,3.510267584951132702e-19
1.148684256737554810e+00,3.167974190567174785e-19
1.259895277795028523e+00,2.858728159011525492e-19
1.381873305653633421e+00,2.579281258235815053e-19
1.515660758900604366e+00,2.326035698397754118e-19
1.662400978926613426e+00,2.096876101854354959e-19
1.823348000868442176e+00,1.889434216960127124e-19
1.999877270535286966e+00,1.701296538532530127e-19
2.193497398905059903e+00,1.531259507923955955e-19
2.405863054644066690e+00,1.377082586537244590e-19
2.638789104828934473e+00,1.237658289359811176e-19
2.894266124716752042e+00,1.111702148337289795e-19
3.174477409109193626e+00,9.976107003975583333e-20
3.481817630688966325e+00,8.947175107943559254e-20
3.818913304781854201e+00,8.017713621056845492e-20
4.188645235435270564e+00,7.178505380087933811e-20
4.594173134636476696e+00,6.422495984205165163e-20
5.038962625065150469e+00,5.740728114917587017e-20
5.526814857144603188e+00,5.127126919510234885e-20
6.061898993497572441e+00,4.575346162302794242e-20
6.648787838417263174e+00,4.078778900822334319e-20
7.292496916841444410e+00,3.632734161249539809e-20
7.998527336796708020e+00,3.232786886879613048e-20
8.772912801613356848e+00,2.873450980152125005e-20
9.622271173675134293e+00,2.551835608384643844e-20
1.055386103036522805e+01,2.263776081065181163e-20
1.157564369553305639e+01,2.006211110355194900e-20
1.269635127659975282e+01,1.775884096798469539e-20
1.392556128874464783e+01,1.570286184382849873e-20
1.527377850390715608e+01,1.386790556007188278e-20
1.675252472408217130e+01,1.223450789467512573e-20
1.837443724610728424e+01,1.077946995863810627e-20
2.015337685941735302e+01,9.485829465253641370e-21
2.210454629971023621e+01,8.337836263945015671e-21
2.424462017082330689e+01,7.317666763865686717e-21
2.659188744512696445e+01,6.414212330485449134e-21
2.916640776023706394e+01,5.615472213043044377e-21
3.199018284775067045e+01,4.907879675569610118e-21
3.508734455902715155e+01,4.284054963088633458e-21
3.848436109487433043e+01,3.733982359484900840e-21
4.221026320156902756e+01,3.249389985742127499e-21
4.629689226627267828e+01,2.822617648948108488e-21
5.077917243205402542e+01,2.448719175017085727e-21
5.569540905800135988e+01,2.120257962745180800e-21
6.108761607505039848e+01,1.833152734331589459e-21
6.700187503509590670e+01,1.582414303699269549e-21
7.348872892180388305e+01,1.363019975009596444e-21
8.060361408861344046e+01,1.171688891411584768e-21
8.840733401525062618e+01,1.005690086783680882e-21
9.696657893145520291e+01,8.613634376729228197e-22
1.063544957486011242e+02,7.361017850563171443e-22
1.166513131698198436e+02,6.280005185364343194e-22
1.279450273207873465e+02,5.345319790050434426e-22
1.403321537605487492e+02,4.538703788224263103e-22
1.539185522990205470e+02,3.845881819855456824e-22
1.688203316700366088e+02,3.250483866914044620e-22
1.851648417912153946e+02,2.740693250025711440e-22
2.030917620904738783e+02,2.304800759647485024e-22
2.227542951999556351e+02,1.933464124985640307e-22
2.443204762186491621e+02,1.617398934029967309e-22
2.679746087325689246e+02,1.348948215115735570e-22
2.939188398646890050e+02,1.122072459603460008e-22
3.223748878149027064e+02,9.303453368180393897e-23
3.535859366535182744e+02,7.689857273653345464e-23
3.878187145610719426e+02,6.334898470975078197e-23
4.253657732750392029e+02,5.201143225934248233e-23
4.665479882234467937e+02,4.255450499195321088e-23
5.117173007114610073e+02,3.468879803586006463e-23
5.612597255954965476e+02,2.816484035956242057e-23
6.155986501483514530e+02,2.278573239296443772e-23
6.751984523072494540e+02,1.835579664039001024e-23
7.405684692262443605e+02,1.472528365057227767e-23
8.122673500479702398e+02,1.176066728522514781e-23
8.909078300934141907e+02,9.350861178127263799e-24
9.771619672696201633e+02,7.400479268686654463e-24
1.071766885445503476e+03,5.828636572230264030e-24
1.175531073878372354e+03,4.567927846962825859e-24
1.289341296525715734e+03,3.561334607796557781e-24
1.414170170289027055e+03,2.762358732982454101e-24
1.551084476952840532e+03,2.130672138244431390e-24
1.701254279852592617e+03,1.634480739327875043e-24
1.865962923181745964e+03,1.246577440793859010e-24
2.046617999391994090e+03,9.452040524298351602e-25
2.244763378413224018e+03,7.123695459480000572e-25
2.462092401494630394e+03,5.335372011489230235e-25
2.700462352420682237e+03,3.970867844168746097e-25
2.961910329772559635e+03,2.936211153596613053e-25
3.248670655878374873e+03,2.156788367463113369e-25
3.563193971228591181e+03,1.573416928197943090e-25
3.908168177536264011e+03,1.139945244375262547e-25
4.286541408420934204e+03,8.200865677051242245e-26
4.701547224022129740e+03,5.857162512078825772e-26
5.156732244854973942e+03,4.152249157188150341e-26
5.655986461065002004e+03,2.921446246601661002e-26
6.203576476104281937e+03,2.039785618999368442e-26
6.804181968927094204e+03,1.413151593975860836e-26
7.462935686310144774e+03,9.711971710034027853e-27
8.185467307069021444e+03,6.620092493018171730e-27
8.977951553033331948e+03,4.475168723875465711e-27
9.847160957933763711e+03,2.999981130708823795e-27
1.080052374516254167e+04,1.993929186722173634e-27
1.184618730902682364e+04,1.313508103987062209e-27
1.299308784200417176e+04,8.574898704648845444e-28
1.425102670302996557e+04,5.547337593077493638e-28
1.563075417945817389e+04,3.556088497371363812e-28
1.714406135851968429e+04,2.258042050640348769e-28
1.880388089340916486e+04,1.419738937551323018e-28
2.062439752514096836e+04,8.838445913203822350e-29
2.262116930469025829e+04,5.469877080621004799e-29
2.481126055137774893e+04,3.324785466142634230e-29
2.721338768375308791e+04,2.007223034973719660e-29
2.984807916924333404e+04,1.198720130396739629e-29
3.273785095948577509e+04,7.080574598416645678e-30
3.590739891061062372e+04,4.136642225033174933e-30
3.938380983288488642e+04,2.390035366407743973e-30
4.319679297334182047e+04,1.364446981485909400e-30
4.737893390963143611e+04,7.694379189493924564e-31
5.196597302486207627e+04,4.286273872604858524e-31
5.699711094326075545e+04,2.358665137372921946e-31
6.251534353689724230e+04,1.285358381128316698e-31
6.856782936641738343e+04,6.873482257167549011e-32
7.520629269592421770e+04,3.634098981165747160e-32
8.248746552614581014e+04,1.895174281327813046e-32
9.047357242349311127e+04,9.748644039979249944e-33
9.923286228832545748e+04,4.944912524166595248e-33
1.088401916069007711e+05,2.469202027054325047e-33
1.193776641714435682e+05,1.213717097346228098e-33
1.309353327353612112e+05,5.874067858154609138e-34
1.436119685999077337e+05,2.798936921544255414e-34
1.575159057091624418e+05,1.312676679139900927e-34
1.727659664669034246e+05,6.045807364788307033e-35
1.894924771873823483e+05,2.735075521892324091e-35
2.078383818579755607e+05,1.215728143976046982e-35
2.279604637318981986e+05,5.309071365330988905e-36
2.500306851906321244e+05,2.280986071676551405e-36
2.742376573264952167e+05,9.581377133914426434e-37
3.007882518043096061e+05,3.936438463572162326e-37
3.299093687770942342e+05,1.587914715812106637e-37
3.618498759642742807e+05,6.277870315392912425e-38
3.968827354637166136e+05,2.431732908224813475e-38
4.353073364731901092e+05,9.194677016658375146e-39
4.774520538566131145e+05,3.401363054914884534e-39
5.236770544204665930e+05,1.226363134028829752e-39
5.743773748826587107e+05,4.328022485262659264e-40
6.299862978380706627e+05,1.492206556932353678e-40
6.909790545715645421e+05,5.002165421517697618e-41
7.578768863625945523e+05,1.630636925761210666e-41
8.312514989890631987e+05,5.150946820522579908e-42
9.117299484984939918e+05,1.534188636223674773e-42
