9.999999999999999547e-07,1.666021623162227812e-05
1.096816005273138014e-06,1.447224832182727967e-05
1.203005349423324184e-06,1.256158354962576473e-05
1.319475521676705910e-06,1.089437608701416960e-05
1.447221870741134366e-06,9.440749339228877223e-06
1.587336111010208705e-06,8.174350372574818585e-06
1.741015652304015331e-06,7.071951307799956427e-06
1.909573832878096448e-06,6.113093543887976769e-06
2.094451143151468901e-06,5.279770957019700543e-06
2.297227536071151343e-06,4.556148108075066505e-06
2.519635929317013282e-06,3.928309557118893763e-06
2.763577014736157548e-06,3.384036789413208147e-06
3.031135501567576034e-06,2.912609799928827470e-06
3.324597932270938332e-06,2.504630811505798292e-06
3.646472223212744903e-06,2.151867848768583655e-06
3.999509097203669772e-06,1.847116049024081729e-06
4.386725591048494378e-06,1.584074764771358540e-06
4.811430839003264423e-06,1.357238719974292085e-06
5.277254352483532008e-06,1.161801686148258521e-06
5.788177037701280115e-06,9.935713139459794392e-07
6.348565216305222930e-06,8.488938935593484903e-07
6.963207939763891358e-06,7.245879394378106774e-07
7.637357916378026724e-06,6.178856102193350983e-07
8.376776400682923638e-06,5.263810817472225383e-07
9.187782428863339748e-06,4.479850865653188866e-07
1.007730682094461773e-05,3.808849177808533125e-07
1.105295141126022199e-05,3.235092708288416064e-07
1.212305401337652729e-05,2.744973648747510910e-07
1.329675967466212602e-05,2.326718468733708588e-07
1.458409882943986393e-05,1.970150361277333286e-07
1.599607301861487752e-05,1.666481162371781935e-07
1.754474890833459822e-05,1.408129252070147176e-07
1.924336141115980055e-05,1.188560338232653513e-07
2.110642679101555104e-05,1.001940837711075215e-07
2.314986671851160856e-05,8.438640593926412698e-08
2.539114433680346642e-05,7.099476609808139229e-08
2.784941350080644140e-05,5.966217524008585879e-08
3.054568246515432163e-05,5.008252077049492943e-08
3.350299341977229842e-05,4.200545553780722548e-08
3.674661940736687922e-05,3.517101951399878350e-08
4.030428030568051443e-05,2.942302482018492033e-08
4.420637972028530196e-05,2.458585917280196136e-08
4.848626481239078214e-05,2.051986187081031664e-08
5.318051128214196547e-05,1.710604788326797404e-08
5.832923594286212095e-05,1.424315992647213896e-08
6.397643955748424092e-05,1.184512413245596265e-08
7.017038286703836689e-05,9.838856481551270236e-09
7.696399902471150959e-05,8.162373749355563196e-09
8.441534596012993945e-05,6.763168512665174801e-09
9.258810253973946442e-05,5.596812852619908795e-09
1.015521127634568086e-04,4.625759894089821746e-09
1.113839826482619416e-04,3.818316285928415937e-09
1.221677348996791812e-04,3.147762218926893483e-09
1.339955269659338412e-04,2.591598650236038064e-09
1.469684386112446071e-04,2.130904086798665005e-09
1.611973357388157043e-04,1.749785632781446907e-09
1.768038178457208417e-04,1.434911058664806960e-09
1.939212572065831012e-04,1.175110434677311738e-09
2.126959386668691900e-04,9.610374198473114617e-10
2.332883097864158460e-04,7.848816420205197008e-10
2.558743520168589233e-04,6.401247807011540129e-10
2.806470846309838869e-04,5.213339837597090180e-10
3.078182142565079478e-04,4.239871335398807981e-10
3.376199441111339922e-04,3.443252414334909544e-10
3.703069584005140493e-04,2.792279200222163292e-10
4.061585988376979588e-04,2.261084613675445141e-10
4.454812518844988400e-04,1.828255523968299159e-10
4.886109671160326559e-04,1.476090870156006435e-10
5.359163290848514881e-04,1.189979046970274990e-10
5.878016072274911547e-04,9.578760884720226248e-11
6.447102107323868887e-04,7.698689345339085780e-11
7.071284778942996639e-04,6.178104255184641063e-11
7.755898323389001994e-04,4.950146711594104414e-11
8.506793416364161154e-04,3.960031659757749766e-11
9.330387172620369486e-04,3.162935136215538062e-11
1.023371798632520275e-03,2.522238803554234824e-11
1.122450568085306974e-03,2.008073616424435400e-11
1.231121748203890722e-03,1.596113484347367082e-11
1.350314037869873715e-03,1.266577540856641081e-11
1.481046048880675734e-03,1.003406244087805654e-11
1.624435010958867089e-03,7.935820981640054399e-12
1.781706319545730676e-03,6.265704706981377850e-12
1.954204007974053459e-03,4.938599680537662992e-12
2.143402233514856738e-03,3.885852237296917594e-12
2.350917875457286636e-03,3.052178202672726983e-12
2.578524352884273892e-03,2.393134454584343670e-12
2.828166780230032939e-03,1.873053885126492275e-12
3.101978590138096837e-03,1.463361585935529280e-12
3.402299765678071415e-03,1.141204253677903552e-12
3.731696837732755619e-03,8.883365098730551542e-13
4.092984818452442136e-03,6.902175170604489070e-13
4.489251258218607613e-03,5.352794960013226176e-13
4.923882631706741689e-03,4.143364343249562707e-13
5.400593278542373601e-03,3.201069811533544774e-13
5.923457145875806254e-03,2.468301571856957216e-13
6.496942604146124095e-03,1.899563683749823206e-13
7.125950633568410228e-03,1.458994217756382700e-13
7.815856707684091381e-03,1.118378830400020786e-13
8.572556731909325087e-03,8.555622628264902780e-14
9.402517429670131932e-03,6.531808083720560658e-14
1.031283160672184784e-02,4.976526692097359234e-14
1.131127876593921409e-02,3.783755714852351033e-14
1.240639159058831882e-02,2.870877760272243856e-14
1.360752886424333036e-02,2.173679815396672203e-14
1.492495545051829124e-02,1.642322951232371772e-14
1.636993001611701873e-02,1.238219820819327685e-14
1.795480124687830539e-02,9.315539804772635240e-15
1.969311337907421466e-02,6.993353485046986228e-15
2.159972194782716973e-02,5.238750419536705246e-15
2.369092074182631985e-02,3.915925023739396152e-15
2.598458104929247253e-02,2.920839693278176972e-15
2.850030438518105086e-02,2.173970096601029973e-15
3.125959000482284034e-02,1.614664203455645353e-15
3.428601863556589996e-02,1.196766755001670523e-15
3.760545399658175858e-02,8.852363060967110517e-16
4.124626382901356442e-02,6.535583565849786546e-16
4.523956232538058064e-02,4.815817933704789202e-16
4.961947603002907908e-02,3.542721964866510584e-16
5.442343548300272033e-02,2.602231825203757694e-16
5.969249509970739331e-02,1.908985068828556282e-16
6.547168402004742427e-02,1.399077473948173799e-16
7.181039092537355728e-02,1.024802448955466648e-16
7.876278611187063905e-02,7.506213268541226877e-17
8.638828442740453806e-02,5.501297849118541041e-17
9.475205302806546936e-02,4.037605664045844302e-17
1.039255682936713054e-01,2.970234978385794495e-17
1.139872266616052537e-01,2.192808246577535565e-17
1.250230145991456099e-01,1.627473076870479048e-17
1.371272434398400908e-01,1.215594697234918222e-17
1.504033553638025045e-01,9.156231054289958446e-18
1.649648074098020722e-01,6.969216566508277719e-18
1.809360410738716507e-01,5.367720557634748923e-18
1.984535457805803316e-01,4.191416316660605454e-18
2.176670253153459023e-01,3.322739626252066855e-18
2.387406771860647037e-01,2.675601993956719208e-18
2.618545958474232660e-01,2.189340866018799193e-18
2.872063117797828413e-01,1.819606608985173342e-18
3.150124795755327445e-01,1.534774174378907857e-18
3.455107294592217881e-01,1.311590509595868750e-18
3.789616980644715527e-01,1.134052752193713316e-18
4.156512558225987641e-01,9.902742086656009130e-19
4.558929499981058675e-01,8.718551755039659106e-19
5.000306842491090142e-01,7.727621096869503129e-19
5.484416576121015074e-01,6.884281875832075326e-19
6.015395880274833074e-01,6.158570842028019724e-19
6.597782479539546774e-01,5.525540769080189816e-19
7.236553422869664853e-01,4.969067314743784727e-19
7.937167617217559812e-01,4.475813202501814937e-19
8.705612479099873457e-01,4.035649898088695805e-19
9.548455102782302806e-01,3.641351190627680552e-19
1.047289838236359572e+00,3.286698894991885713e-19
1.148684256737554810e+00,2.966828527761530990e-19
1.259895277795028523e+00,2.677823655419470900e-19
1.381873305653633421e+00,2.416637992708849802e-19
1.515660758900604366e+00,2.179903584109338560e-19
1.662400978926613426e+00,1.965641992158702014e-19
1.823348000868442176e+00,1.771644445522218176e-19
1.999877270535286966e+00,1.595655986731523006e-19
2.193497398905059903e+00,1.436559914845411333e-19
2.405863054644066690e+00,1.292263967071228274e-19
2.638789104828934473e+00,1.161739626773324803e-19
2.894266124716752042e+00,1.043791415189561209e-19
3.174477409109193626e+00,9.369221396050731695e-20
3.481817630688966325e+00,8.405155394090784942e-20
3.818913304781854201e+00,7.534031110616070492e-20
4.188645235435270564e+00,6.747267864724210503e-20
4.594173134636476696e+00,6.038297651166825694e-20
5.038962625065150469e+00,5.398761660865113421e-20
5.526814857144603188e+00,4.823001536970313312e-20
6.061898993497572441e+00,4.305098849374136134e-20
6.648787838417263174e+00,3.838881974729808940e-20
7.292496916841444410e+00,3.419975276663928464e-20
7.998527336796708020e+00,3.044255704646373007e-20
8.772912801613356848e+00,2.706583252405965949e-20
9.622271173675134293e+00,2.404272165150273874e-20
1.055386103036522805e+01,2.133423259708521426e-20
1.157564369553305639e+01,1.891177103260065383e-20
1.269635127659975282e+01,1.674485443672497882e-20
1.392556128874464783e+01,1.481003076355387758e-20
1.527377850390715608e+01,1.308270263128117840e-20
1.675252472408217130e+01,1.154468064791397574e-20
1.837443724610728424e+01,1.017420411248605375e-20
2.015337685941735302e+01,8.955398589863652021e-21
2.210454629971023621e+01,7.873517840887748434e-21
2.424462017082330689e+01,6.911821557980317401e-21
2.659188744512696445e+01,6.059913008473279327e-21
2.916640776023706394e+01,5.306544051324543720e-21
3.199018284775067045e+01,4.638949270944285283e-21
3.508734455902715155e+01,4.050233777924026659e-21
3.848436109487433043e+01,3.530981587612113530e-21
4.221026320156902756e+01,3.073413972174958284e-21
4.629689226627267828e+01,2.670331918141210298e-21
5.077917243205402542e+01,2.317102318130324295e-21
5.569540905800135988e+01,2.006714091384260047e-21
6.108761607505039848e+01,1.735339603534386439e-21
6.700187503509590670e+01,1.498282336676778999e-21
7.348872892180388305e+01,1.290803517490064472e-21
8.060361408861344046e+01,1.109818487931121894e-21
8.840733401525062618e+01,9.527620273183391775e-22
9.696657893145520291e+01,8.161766260720448384e-22
1.063544957486011242e+02,6.976055097669066452e-22
1.166513131698198436e+02,5.952574750922731727e-22
1.279450273207873465e+02,5.067433424838813916e-22
1.403321537605487492e+02,4.303403111417045193e-22
1.539185522990205470e+02,3.647032358401513476e-22
1.688203316700366088e+02,3.082843178532468356e-22
1.851648417912153946e+02,2.599683025615760262e-22
2.030917620904738783e+02,2.186482964398087377e-22
2.227542951999556351e+02,1.834418155303355575e-22
2.443204762186491621e+02,1.534704877347814046e-22
2.679746087325689246e+02,1.280100765300481213e-22
2.939188398646890050e+02,1.064896683743489912e-22
3.223748878149027064e+02,8.830062799189014495e-23
3.535859366535182744e+02,7.299055726954020398e-23
3.878187145610719426e+02,6.013291952717644348e-23
4.253657732750392029e+02,4.937319441709440270e-23
4.665479882234467937e+02,4.039737137296273789e-23
5.117173007114610073e+02,3.293117702055392560e-23
5.612597255954965476e+02,2.673810941800058072e-23
6.155986501483514530e+02,2.163155685209414663e-23
6.751984523072494540e+02,1.742586395449777326e-23
7.405684692262443605e+02,1.397901171653425153e-23
8.122673500479702398e+02,1.116431255872498737e-23
8.909078300934141907e+02,8.876353477962160011e-24
9.771619672696201633e+02,7.024601273187240320e-24
1.071766885445503476e+03,5.532275407470068657e-24
1.175531073878372354e+03,4.335385001571405108e-24
1.289341296525715734e+03,3.379789211398288758e-24
1.414170170289027055e+03,2.621336873381880734e-24
1.551084476952840532e+03,2.021729695251275483e-24
1.701254279852592617e+03,1.550774249714053748e-24
1.865962923181745964e+03,1.182631756503339281e-24
2.046617999391994090e+03,8.966383154872067701e-25
2.244763378413224018e+03,6.757082662330718933e-25
2.462092401494630394e+03,5.060371864692890368e-25
2.700462352420682237e+03,3.765906625383062261e-25
2.961910329772559635e+03,2.784462136865862634e-25
3.248670655878374873e+03,2.045201067150790835e-25
3.563193971228591181e+03,1.491944061874340604e-25
3.908168177536264011e+03,1.080885436078302383e-25
4.286541408420934204e+03,7.775890750231847513e-26
4.701547224022129740e+03,5.553688655606565577e-26
5.156732244854973942e+03,3.937237741724855922e-26
5.655986461065002004e+03,2.770329522779028016e-26
6.203576476104281937e+03,1.934441544412880106e-26
6.804181968927094204e+03,1.340326472553325864e-26
7.462935686310144774e+03,9.212856834400813773e-27
8.185467307069021444e+03,6.281037183570875591e-27
8.977951553033331948e+03,4.246909624399322706e-27
9.847160957933763711e+03,2.847703005792691309e-27
1.080052374516254167e+04,1.893282238659756765e-27
1.184618730902682364e+04,1.247629189080795984e-27
1.299308784200417176e+04,8.147918111171685972e-28
1.425102670302996557e+04,5.273325283532586263e-28
1.563075417945817389e+04,3.381985852679182297e-28
1.714406135851968429e+04,2.148560305337320961e-28
1.880388089340916486e+04,1.351628078659973480e-28
2.062439752514096836e+04,8.419252170566882191e-29
2.262116930469025829e+04,5.213592203669491356e-29
2.481126055137774893e+04,3.171033412377184513e-29
2.721338768375308791e+04,1.915674304543582471e-29
2.984807916924333404e+04,1.144837143699142241e-29
3.273785095948577509e+04,6.767109832430253422e-30
3.590739891061062372e+04,3.956384280732654654e-30
3.938380983288488642e+04,2.287577514824562806e-30
4.319679297334182047e+04,1.306931921527598621e-30
4.737893390963143611e+04,7.375581858007353049e-31
5.196597302486207627e+04,4.111766119328837968e-31
5.699711094326075545e+04,2.264321490596076925e-31
6.251534353689724230e+04,1.234851121693990029e-31
6.856782936641738343e+04,6.608165752418893711e-32
7.520629269592421770e+04,3.496278156464278907e-32
8.248746552614581014e+04,1.824543016911523987e-32
9.047357242349311127e+04,9.391488257419000845e-33
9.923286228832545748e+04,4.766753140712716475e-33
1.088401916069007711e+05,2.381666834776613729e-33
1.193776641714435682e+05,1.171353547756649343e-33
1.309353327353612112e+05,5.672067328656743488e-34
1.436119685999077337e+05,2.704039976611312311e-34
1.575159057091624418e+05,1.268764283818905805e-34
1.727659664669034246e+05,5.846077715554394132e-35
1.894924771873823483e+05,2.645765708422965467e-35
2.078383818579755607e+05,1.176456805204024718e-35
2.279604637318981986e+05,5.139275542117734983e-36
2.500306851906321244e+05,2.208699547067779890e-36
2.742376573264952167e+05,9.280227853990992508e-37
3.007882518043096061e+05,3.813629228744634272e-37
3.299093687770942342e+05,1.538704903859138988e-37
3.618498759642742807e+05,6.084481355454420824e-38
3.968827354637166136e+05,2.357223962914406938e-38
4.353073364731901092e+05,8.914264040997352649e-39
4.774520538566131145e+05,3.298055436003226831e-39
5.236770544204665930e+05,1.189250102478100091e-39
5.743773748826587107e+05,4.197461345427652917e-40
6.299862978380706627e+05,1.447317638145385953e-40
6.909790545715645421e+05,4.852049563998027789e-41
7.578768863625945523e+05,1.581802981529437712e-41
8.312514989890631987e+05,4.996966835385923699e-42
9.117299484984939918e+05,1.488397597458556290e-42
