9.999999999999999547e-07,1.546323233372095114e-05
1.096816005273138014e-06,1.343484573398946353e-05
1.203005349423324184e-06,1.166317869765430977e-05
1.319475521676705910e-06,1.011694954628397586e-05
1.447221870741134366e-06,8.768537946963633168e-06
1.587336111010208705e-06,7.593574844643677526e-06
1.741015652304015331e-06,6.570575500896470759e-06
1.909573832878096448e-06,5.680611860103566415e-06
2.094451143151468901e-06,4.907020715833637606e-06
2.297227536071151343e-06,4.235144043866494488e-06
2.519635929317013282e-06,3.652097925902161381e-06
2.763577014736157548e-06,3.146566859931798743e-06
3.031135501567576034e-06,2.708620750504014976e-06
3.324597932270938332e-06,2.329552264042664367e-06
3.646472223212744903e-06,2.001732459650597475e-06
3.999509097203669772e-06,1.718482750688541479e-06
4.386725591048494378e-06,1.473961410841992020e-06
4.811430839003264423e-06,1.263063028477929402e-06
5.277254352483532008e-06,1.081329499952854988e-06
5.788177037701280115e-06,9.248713079210387708e-07
6.348565216305222930e-06,7.902979567271443006e-07
6.963207939763891358e-06,6.746565489145666779e-07
7.637357916378026724e-06,5.753775926956241747e-07
8.376776400682923638e-06,4.902272283775021164e-07
9.187782428863339748e-06,4.172651493998456704e-07
1.007730682094461773e-05,3.548075712098859387e-07
1.105295141126022199e-05,3.013946706730846471e-07
1.212305401337652729e-05,2.557619813819600262e-07
1.329675967466212602e-05,2.168152865538009982e-07
1.458409882943986393e-05,1.836086016218754120e-07
1.599607301861487752e-05,1.553248837406857855e-07
1.754474890833459822e-05,1.312591458109836163e-07
1.924336141115980055e-05,1.108036888399059696e-07
2.110642679101555104e-05,9.341583635288839968e-08
2.314986671851160856e-05,7.868574427956477777e-08
2.539114433680346642e-05,6.620560301971865559e-08
2.784941350080644140e-05,5.564320311622399057e-08
3.054568246515432163e-05,4.671363891027081346e-08
3.350299341977229842e-05,3.918390116944220476e-08
3.674661940736687922e-05,3.281189516391402338e-08
4.030428030568051443e-05,2.745226589626250713e-08
4.420637972028530196e-05,2.294145562185426041e-08
4.848626481239078214e-05,1.914939178224728868e-08
5.318051128214196547e-05,1.596524419676661661e-08
5.832923594286212095e-05,1.329468391234020075e-08
6.397643955748424092e-05,1.105751691792661391e-08
7.017038286703836689e-05,9.185643727328284794e-09
7.696399902471150959e-05,7.621301923221631094e-09
8.441534596012993945e-05,6.315554120564617690e-09
9.258810253973946442e-05,5.226988526085109905e-09
1.015521127634568086e-04,4.320603440906583097e-09
1.113839826482619416e-04,3.566850729249674070e-09
1.221677348996791812e-04,2.940816514326520785e-09
1.339955269659338412e-04,2.421520211675745946e-09
1.469684386112446071e-04,1.991315500250501638e-09
1.611973357388157043e-04,1.635379014674935854e-09
1.768038178457208417e-04,1.341274447527604540e-09
1.939212572065831012e-04,1.098581407906888136e-09
2.126959386668691900e-04,8.985798206718105930e-10
2.332883097864158460e-04,7.339818993872535209e-10
2.558743520168589233e-04,5.987048190741183113e-10
2.806470846309838869e-04,4.876781621456320503e-10
3.078182142565079478e-04,3.966810330370002951e-10
3.376199441111339922e-04,3.222044470271206393e-10
3.703069584005140493e-04,2.613352217969624121e-10
4.061585988376979588e-04,2.116581393813594343e-10
4.454812518844988400e-04,1.711736134907019702e-10
4.886109671160326559e-04,1.382284960930580853e-10
5.359163290848514881e-04,1.114580016490375855e-10
5.878016072274911547e-04,8.973702850052494193e-11
6.447102107323868887e-04,7.213941320464011458e-11
7.071284778942996639e-04,5.790387332860329006e-11
7.755898323389001994e-04,4.640558054852619778e-11
8.506793416364161154e-04,3.713246668572102501e-11
9.330387172620369486e-04,2.966550411276799674e-11
1.023371798632520275e-03,2.366231914955744061e-11
1.122450568085306974e-03,1.884359618391761004e-11
1.231121748203890722e-03,1.498181435434246400e-11
1.350314037869873715e-03,1.189193081062694630e-11
1.481046048880675734e-03,9.423686227738301494e-12
1.624435010958867089e-03,7.455260115590347925e-12
1.781706319545730676e-03,5.888047152569411712e-12
1.954204007974053459e-03,4.642362937060770832e-12
2.143402233514856738e-03,3.653919198021188274e-12
2.350917875457286636e-03,2.870935218984761925e-12
2.578524352884273892e-03,2.251774432996760026e-12
2.828166780230032939e-03,1.763013842475886770e-12
3.101978590138096837e-03,1.377869561723321848e-12
3.402299765678071415e-03,1.074914998135418748e-12
3.731696837732755619e-03,8.370391031332858648e-13
4.092984818452442136e-03,6.506011647407879912e-13
4.489251258218607613e-03,5.047462834128349829e-13
4.923882631706741689e-03,3.908519159427242847e-13
5.400593278542373601e-03,3.020811939113745301e-13
5.923457145875806254e-03,2.330230507546668464e-13
6.496942604146124095e-03,1.794027940125754902e-13
7.125950633568410228e-03,1.378497564294527535e-13
7.815856707684091381e-03,1.057111255141651028e-13
8.572556731909325087e-03,8.090302474133496334e-14
9.402517429670131932e-03,6.179164844580140384e-14
1.031283160672184784e-02,4.709855113403353721e-14
1.131127876593921409e-02,3.582535305061092474e-14
1.240639159058831882e-02,2.719376901489284064e-14
1.360752886424333036e-02,2.059862915349818885e-14
1.492495545051829124e-02,1.557004066767561262e-14
1.636993001611701873e-02,1.174403545153756865e-14
1.795480124687830539e-02,8.839252641130362467e-15
1.969311337907421466e-02,6.638651415816189856e-15
2.159972194782716973e-02,4.975162240715239435e-15
2.369092074182631985e-02,3.720459438337647431e-15
2.598458104929247253e-02,2.776189945159436938e-15
2.850030438518105086e-02,2.067139197145041826e-15
3.125959000482284034e-02,1.535914877949875594e-15
3.428601863556589996e-02,1.138821390485522372e-15
3.760545399658175858e-02,8.426685444040854100e-16
4.124626382901356442e-02,6.223288174533873068e-16
4.523956232538058064e-02,4.587018388866119764e-16
4.961947603002907908e-02,3.375216782932574279e-16
5.442343548300272033e-02,2.479649427737064216e-16
5.969249509970739331e-02,1.819264552435884661e-16
6.547168402004742427e-02,1.333355380026336742e-16
7.181039092537355728e-02,9.765794608675672917e-17
7.876278611187063905e-02,7.151429438777266219e-17
8.638828442740453806e-02,5.239255932419783918e-17
9.475205302806546936e-02,3.843027073430148886e-17
1.039255682936713054e-01,2.824754139650133279e-17
1.139872266616052537e-01,2.083088834142845255e-17
1.250230145991456099e-01,1.543828641628277446e-17
1.371272434398400908e-01,1.151053558946025107e-17
1.504033553638025045e-01,8.651283535840516949e-18
1.649648074098020722e-01,6.568132578942429418e-18
1.809360410738716507e-01,5.044156397284951575e-18
1.984535457805803316e-01,3.926236678588065457e-18
2.176670253153459023e-01,3.102060672284350011e-18
2.387406771860647037e-01,2.489328077156796987e-18
2.618545958474232660e-01,2.030071022440201921e-18
2.872063117797828413e-01,1.681888186020017951e-18
3.150124795755327445e-01,1.414534126582625386e-18
3.455107294592217881e-01,1.205796880669518629e-18
3.789616980644715527e-01,1.040364946821734106e-18
4.156512558225987641e-01,9.068912622541244726e-19
4.558929499981058675e-01,7.973539231974432869e-19
5.000306842491090142e-01,7.059934544154383353e-19
5.484416576121015074e-01,6.284686562769395299e-19
6.015395880274833074e-01,5.619229440552180741e-19
6.597782479539546774e-01,5.039943108186110221e-19
7.236553422869664853e-01,4.531541417500538343e-19
7.937167617217559812e-01,4.081451152736682984e-19
8.705612479099873457e-01,3.680173427465303077e-19
9.548455102782302806e-01,3.320937128563139941e-19
1.047289838236359572e+00,2.997950623498191978e-19
1.148684256737554810e+00,2.706710096095487759e-19
1.259895277795028523e+00,2.443596303556531876e-19
1.381873305653633421e+00,2.205806597189080861e-19
1.515660758900604366e+00,1.990258548795339504e-19
1.662400978926613426e+00,1.795140624424946294e-19
1.823348000868442176e+00,1.618441561854191559e-19
1.999877270535286966e+00,1.458106891485484216e-19
2.193497398905059903e+00,1.313124688292902760e-19
2.405863054644066690e+00,1.181592009344534273e-19
2.638789104828934473e+00,1.062577588125951609e-19
2.894266124716752042e+00,9.549976538209567148e-20
3.174477409109193626e+00,8.574913389657113844e-20
3.481817630688966325e+00,7.695033285489577905e-20
3.818913304781854201e+00,6.899713258353887096e-20
4.188645235435270564e+00,6.181178393208059815e-20
4.594173134636476696e+00,5.533472433148759897e-20
5.038962625065150469e+00,4.949004020783242223e-20
5.526814857144603188e+00,4.422642010319644288e-20
6.061898993497572441e+00,3.949012244041793603e-20
6.648787838417263174e+00,3.522504230355652807e-20
7.292496916841444410e+00,3.139142982107101383e-20
7.998527336796708020e+00,2.795189080419603202e-20
8.772912801613356848e+00,2.485954391229604323e-20
9.622271173675134293e+00,2.209008973699046862e-20
1.055386103036522805e+01,1.960798969047469216e-20
1.157564369553305639e+01,1.738723526876989004e-20
1.269635127659975282e+01,1.540004724390354002e-20
1.392556128874464783e+01,1.362507762471281407e-20
1.527377850390715608e+01,1.203989855845769372e-20
1.675252472408217130e+01,1.062795422692320292e-20
1.837443724610728424e+01,9.369371104665006624e-21
2.015337685941735302e+01,8.249677473809584641e-21
2.210454629971023621e+01,7.255427079787604173e-21
2.424462017082330689e+01,6.371308834966873056e-21
2.659188744512696445e+01,5.587840700133881952e-21
2.916640776023706394e+01,4.894757141314406657e-21
3.199018284775067045e+01,4.280354574362308516e-21
3.508734455902715155e+01,3.738358686257971815e-21
3.848436109487433043e+01,3.260145587563327298e-21
4.221026320156902756e+01,2.838587937810344772e-21
4.629689226627267828e+01,2.467093249070304037e-21
5.077917243205402542e+01,2.141432910840080010e-21
5.569540905800135988e+01,1.855165909274337343e-21
6.108761607505039848e+01,1.604793491182881772e-21
6.700187503509590670e+01,1.386007539113256062e-21
7.348872892180388305e+01,1.194449489006340020e-21
8.060361408861344046e+01,1.027291962310309664e-21
8.840733401525062618e+01,8.821873428575273512e-22
9.696657893145520291e+01,7.559504333665300818e-22
1.063544957486011242e+02,6.463240639516090753e-22
1.166513131698198436e+02,5.516659921857219507e-22
1.279450273207873465e+02,4.697735517930524647e-22
1.403321537605487492e+02,3.990615965766898730e-22
1.539185522990205470e+02,3.382937651238910327e-22
1.688203316700366088e+02,2.860422979612653734e-22
1.851648417912153946e+02,2.412804216959391283e-22
2.030917620904738783e+02,2.029872428840552744e-22
2.227542951999556351e+02,1.703493093438997917e-22
2.443204762186491621e+02,1.425555278175702447e-22
2.679746087325689246e+02,1.189373244075624513e-22
2.939188398646890050e+02,9.896793465637866855e-23
3.223748878149027064e+02,8.208452444607354171e-23
3.535859366535182744e+02,6.786912791556462147e-23
3.878187145610719426e+02,5.592724731843427581e-23
4.253657732750392029e+02,4.593095440114718559e-23
4.665479882234467937e+02,3.758961136359964380e-23
5.117173007114610073e+02,3.064924705034121432e-23
5.612597255954965476e+02,2.489076488631767722e-23
6.155986501483514530e+02,2.014132774738650011e-23
6.751984523072494540e+02,1.622873152272490937e-23
7.405684692262443605e+02,1.302129484109035858e-23
8.122673500479702398e+02,1.040147056282955221e-23
8.909078300934141907e+02,8.271423016783580247e-24
9.771619672696201633e+02,6.547088576669208906e-24
1.071766885445503476e+03,5.157146744277996032e-24
1.175531073878372354e+03,4.042138865947071567e-24
1.289341296525715734e+03,3.151737199407436342e-24
1.414170170289027055e+03,2.444891698964731089e-24
1.551084476952840532e+03,1.885976582063059725e-24
1.701254279852592617e+03,1.446901269924359209e-24
1.865962923181745964e+03,1.103616936780502392e-24
2.046617999391994090e+03,8.368868381684801547e-25
2.244763378413224018e+03,6.308008345257730163e-25
2.462092401494630394e+03,4.725012960355424021e-25
2.700462352420682237e+03,3.517081965166470385e-25
2.961910329772559635e+03,2.601072791296064550e-25
3.248670655878374873e+03,1.910963422440853781e-25
3.563193971228591181e+03,1.394383752398278738e-25
3.908168177536264011e+03,1.010489993665418193e-25
4.286541408420934204e+03,7.271690520819880305e-26
4.701547224022129740e+03,5.195306909780678493e-26
5.156732244854973942e+03,3.684499482093474001e-26
5.655986461065002004e+03,2.593518376724080623e-26
6.203576476104281937e+03,1.811754201106389974e-26
6.804181968927094204e+03,1.255901651920248155e-26
7.462935686310144774e+03,8.636890266994381098e-27
8.185467307069021444e+03,5.891556586808964792e-27
8.977951553033331948e+03,3.985889326778544671e-27
9.847160957933763711e+03,2.674351304897462078e-27
1.080052374516254167e+04,1.779217639507652920e-27
1.184618730902682364e+04,1.173297459923579959e-27
1.299308784200417176e+04,7.668258246501301724e-28
1.425102670302996557e+04,4.966836752353699597e-28
1.563075417945817389e+04,3.188079834418843130e-28
1.714406135851968429e+04,2.027138765780822463e-28
1.880388089340916486e+04,1.276401745689611986e-28
2.062439752514096836e+04,7.958145016770718232e-29
2.262116930469025829e+04,4.932797941237733914e-29
2.481126055137774893e+04,3.003235464426027777e-29
2.721338768375308791e+04,1.816139943734914417e-29
2.984807916924333404e+04,1.086468181911201333e-29
3.273785095948577509e+04,6.428744678262611036e-30
3.590739891061062372e+04,3.762466448336881692e-30
3.938380983288488642e+04,2.177712743581458649e-30
4.319679297334182047e+04,1.245447974459856192e-30
4.737893390963143611e+04,7.035764520176823496e-31
5.196597302486207627e+04,3.926250417231687821e-31
5.699711094326075545e+04,2.164275519111124222e-31
6.251534353689724230e+04,1.181412867644352775e-31
6.856782936641738343e+04,6.328025788708704813e-32
7.520629269592421770e+04,3.351018801406289564e-32
8.248746552614581014e+04,1.750216369045355435e-32
9.047357242349311127e+04,9.016151882188815524e-33
9.923286228832545748e+04,4.579735426229356446e-33
1.088401916069007711e+05,2.289860319953359408e-33
1.193776641714435682e+05,1.126952184693586138e-33
1.309353327353612112e+05,5.460448074896145701e-34
1.436119685999077337e+05,2.604652573074394536e-34
1.575159057091624418e+05,1.222779530529690401e-34
1.727659664669034246e+05,5.636912966919280715e-35
1.894924771873823483e+05,2.552220532164783655e-35
2.078383818579755607e+05,1.135311616757241712e-35
2.279604637318981986e+05,4.961313491790898855e-36
2.500306851906321244e+05,2.132904144420294079e-36
2.742376573264952167e+05,8.964309327025412753e-37
3.007882518043096061e+05,3.684731930749704939e-37
3.299093687770942342e+05,1.487028992045348937e-37
3.618498759642742807e+05,5.881296742377178258e-38
3.968827354637166136e+05,2.278901742661711088e-38
4.353073364731901092e+05,8.619359706784521189e-39
4.774520538566131145e+05,3.189360880725709615e-39
5.236770544204665930e+05,1.150185875525081212e-39
5.743773748826587107e+05,4.059984984242820692e-40
6.299862978380706627e+05,1.400035393074893314e-40
6.909790545715645421e+05,4.693884325732856650e-41
7.578768863625945523e+05,1.530337700838941692e-41
8.312514989890631987e+05,4.834655448715438693e-42
9.117299484984939918e+05,1.440120437698838273e-42
