9.999999999999999547e-07,1.981266072937940830e-05
1.096816005273138014e-06,1.721116759790852812e-05
1.203005349423324184e-06,1.493960671898148258e-05
1.319475521676705910e-06,1.295763748753021168e-05
1.447221870741134366e-06,1.122966519842446896e-05
1.587336111010208705e-06,9.724305678096682737e-06
1.741015652304015331e-06,8.413906749489246918e-06
1.909573832878096448e-06,7.274121459797644542e-06
2.094451143151468901e-06,6.283528360280198100e-06
2.297227536071151343e-06,5.423294009631019214e-06
2.519635929317013282e-06,4.676872960759139111e-06
2.763577014736157548e-06,4.029740986438120971e-06
3.031135501567576034e-06,3.469157958661134972e-06
3.324597932270938332e-06,2.983957318954006543e-06
3.646472223212744903e-06,2.564359380981312652e-06
3.999509097203669772e-06,2.201805903830716719e-06
4.386725591048494378e-06,1.888813586977713159e-06
4.811430839003264423e-06,1.618844390486828956e-06
5.277254352483532008e-06,1.386190831709960197e-06
5.788177037701280115e-06,1.185874615963712241e-06
6.348565216305222930e-06,1.013557126070438236e-06
6.963207939763891358e-06,8.654604440131471074e-07
7.637357916378026724e-06,7.382977177628254485e-07
8.376776400682923638e-06,6.292118157228573087e-07
9.187782428863339748e-06,5.357213266400446454e-07
1.007730682094461773e-05,4.556730648089043421e-07
1.105295141126022199e-05,3.872003315770345341e-07
1.212305401337652729e-05,3.286862662662532873e-07
1.329675967466212602e-05,2.787316933116448176e-07
1.458409882943986393e-05,2.361269382732399851e-07
1.599607301861487752e-05,1.998271442225974522e-07
1.754474890833459822e-05,1.689306725958453999e-07
1.924336141115980055e-05,1.426602196949623250e-07
2.110642679101555104e-05,1.203213731035923799e-07
2.314986671851160856e-05,1.013901337916247132e-07
2.539114433680346642e-05,8.534438602973756362e-08
2.784941350080644140e-05,7.175889666590364099e-08
3.054568246515432163e-05,6.026889331728030853e-08
3.350299341977229842e-05,5.057599521740099572e-08
3.674661940736687922e-05,4.237000100335686953e-08
4.030428030568051443e-05,3.546470207969163692e-08
4.420637972028530196e-05,2.965042558931636432e-08
4.848626481239078214e-05,2.476037684732367025e-08
5.318051128214196547e-05,2.065238297601057596e-08
5.832923594286212095e-05,1.720539139131743905e-08
6.397643955748424092e-05,1.431644670931552846e-08
7.017038286703836689e-05,1.189808351635102497e-08
7.696399902471150959e-05,9.876080238505313082e-09
8.441534596012993945e-05,8.187526209119467506e-09
9.258810253973946442e-05,6.779160062453060609e-09
1.015521127634568086e-04,5.605942909852548145e-09
1.113839826482619416e-04,4.629834447219029636e-09
1.221677348996791812e-04,3.818744273750798566e-09
1.339955269659338412e-04,3.145634336666151857e-09
1.469684386112446071e-04,2.587751590575696750e-09
1.611973357388157043e-04,2.125972743122819042e-09
1.768038178457208417e-04,1.744245386708531491e-09
1.939212572065831012e-04,1.429111927763928926e-09
2.126959386668691900e-04,1.169304557565529010e-09
2.332883097864158460e-04,9.554010987137686495e-10
2.558743520168589233e-04,7.795329545506325053e-10
2.806470846309838869e-04,6.351375949771985382e-10
3.078182142565079478e-04,5.167490599736104046e-10
3.376199441111339922e-04,4.198208662809206430e-10
3.703069584005140493e-04,3.405764972652570886e-10
4.061585988376979588e-04,2.758833426430532698e-10
4.454812518844988400e-04,2.231465509617783935e-10
4.886109671160326559e-04,1.802197662544188423e-10
5.359163290848514881e-04,1.453301600726667497e-10
5.878016072274911547e-04,1.170155540499805072e-10
6.447102107323868887e-04,9.407175606746655392e-11
7.071284778942996639e-04,7.550851323088435282e-11
7.755898323389001994e-04,6.051272337345910368e-11
8.506793416364161154e-04,4.841775235012899080e-11
9.330387172620369486e-04,3.867788207231257618e-11
1.023371798632520275e-03,3.084706424108450403e-11
1.122450568085306974e-03,2.456128175167009576e-11
1.231121748203890722e-03,1.952392758219949955e-11
1.350314037869873715e-03,1.549370356142235627e-11
1.481046048880675734e-03,1.227462059919995640e-11
1.624435010958867089e-03,9.707748610059721990e-12
1.781706319545730676e-03,7.664420535597404294e-12
1.954204007974053459e-03,6.040642713319718163e-12
2.143402233514856738e-03,4.752504593703260076e-12
2.350917875457286636e-03,3.732415272502423927e-12
2.578524352884273892e-03,2.926022928353566866e-12
2.828166780230032939e-03,2.289697418016106773e-12
3.101978590138096837e-03,1.788476481042504951e-12
3.402299765678071415e-03,1.394393118953021810e-12
3.731696837732755619e-03,1.085115832882190262e-12
4.092984818452442136e-03,8.428451090066588484e-13
4.489251258218607613e-03,6.534195002542592561e-13
4.923882631706741689e-03,5.055927366215972322e-13
5.400593278542373601e-03,3.904502177316237301e-13
5.923457145875806254e-03,3.009388605266246140e-13
6.496942604146124095e-03,2.314889604310004706e-13
7.125950633568410228e-03,1.777106203750857622e-13
7.815856707684091381e-03,1.361505383931403023e-13
8.572556731909325087e-03,1.040974606314367530e-13
9.402517429670131932e-03,7.942693307848953852e-14
1.031283160672184784e-02,6.047762109080608547e-14
1.131127876593921409e-02,4.595295672127077303e-14
1.240639159058831882e-02,3.484312207457042745e-14
1.360752886424333036e-02,2.636324996797637396e-14
1.492495545051829124e-02,1.990458284110883943e-14
1.636993001611701873e-02,1.499595927094275756e-14
1.795480124687830539e-02,1.127348419527539485e-14
1.969311337907421466e-02,8.456718025870619480e-15
2.159972194782716973e-02,6.330004495982669722e-15
2.369092074182631985e-02,4.727871102566274025e-15
2.598458104929247253e-02,3.523631475453543111e-15
2.850030438518105086e-02,2.620512389660305076e-15
3.125959000482284034e-02,1.944756743422712325e-15
3.428601863556589996e-02,1.440278396229566628e-15
3.760545399658175858e-02,1.064526464071322975e-15
4.124626382901356442e-02,7.852939372373051452e-16
4.523956232538058064e-02,5.782615682181029089e-16
4.961947603002907908e-02,4.251075986862898260e-16
5.442343548300272033e-02,3.120642057789348347e-16
5.969249509970739331e-02,2.288096304340893323e-16
6.547168402004742427e-02,1.676237912876555436e-16
7.181039092537355728e-02,1.227492523463676469e-16
7.876278611187063905e-02,8.989985564140034949e-17
8.638828442740453806e-02,6.589596748573746358e-17
9.475205302806546936e-02,4.838253230434930363e-17
1.039255682936713054e-01,3.561756013842849368e-17
1.139872266616052537e-01,2.632349232711334723e-17
1.250230145991456099e-01,1.956618006125129957e-17
1.371272434398400908e-01,1.464296555094057788e-17
1.504033553638025045e-01,1.105625296237220388e-17
1.649648074098020722e-01,8.439586793482449961e-18
1.809360410738716507e-01,6.521503236163884197e-18
1.984535457805803316e-01,5.110551077275973439e-18
2.176670253153459023e-01,4.066461118510157464e-18
2.387406771860647037e-01,3.286671503535990868e-18
2.618545958474232660e-01,2.698878074678597939e-18
2.872063117797828413e-01,2.250292279893594928e-18
3.150124795755327445e-01,1.903290792407502888e-18
3.455107294592217881e-01,1.630183335110821569e-18
3.789616980644715527e-01,1.411950113499848561e-18
4.156512558225987641e-01,1.234429732191049327e-18
4.558929499981058675e-01,1.087616465864966857e-18
5.000306842491090142e-01,9.643194458336544743e-19
5.484416576121015074e-01,8.590694331685481286e-19
6.015395880274833074e-01,7.682810077718896269e-19
6.597782479539546774e-01,6.889530584794719319e-19
7.236553422869664853e-01,6.191353201071935562e-19
7.937167617217559812e-01,5.572119680173919371e-19
8.705612479099873457e-01,5.019437614467051353e-19
9.548455102782302806e-01,4.524421162689705474e-19
1.047289838236359572e+00,4.079401803043699010e-19
1.148684256737554810e+00,3.678292785230269069e-19
1.259895277795028523e+00,3.316211992701706714e-19
1.381873305653633421e+00,2.989301874306471667e-19
1.515660758900604366e+00,2.693325149801324263e-19
1.662400978926613426e+00,2.425756136511439442e-19
1.823348000868442176e+00,2.183776925818319759e-19
1.999877270535286966e+00,1.964549563895088280e-19
2.193497398905059903e+00,1.766603364001823885e-19
2.405863054644066690e+00,1.587313419167492287e-19
2.638789104828934473e+00,1.425342009540900312e-19
2.894266124716752042e+00,1.279160374093007211e-19
3.174477409109193626e+00,1.146892597614408471e-19
3.481817630688966325e+00,1.027720481173230392e-19
3.818913304781854201e+00,9.201801246938505641e-20
4.188645235435270564e+00,8.231805437940329002e-20
4.594173134636476696e+00,7.358816181118800747e-20
5.038962625065150469e+00,6.572342347301758845e-20
5.526814857144603188e+00,5.865188450481678945e-20
6.061898993497572441e+00,5.229873673449170126e-20
6.648787838417263174e+00,4.658691574834689692e-20
7.292496916841444410e+00,4.146105768114168986e-20
7.998527336796708020e+00,3.686895721387863958e-20
8.772912801613356848e+00,3.274724350242799752e-20
9.622271173675134293e+00,2.906130553355656642e-20
1.055386103036522805e+01,2.576291655469857138e-20
1.157564369553305639e+01,2.281622275172202689e-20
1.269635127659975282e+01,2.018345626776139394e-20
1.392556128874464783e+01,1.783532663228459692e-20
1.527377850390715608e+01,1.574139632510632472e-20
1.675252472408217130e+01,1.387889920310811970e-20
1.837443724610728424e+01,1.222115726948193389e-20
2.015337685941735302e+01,1.074843015648785110e-20
2.210454629971023621e+01,9.442449257762924034e-21
2.424462017082330689e+01,8.282805740776389758e-21
2.659188744512696445e+01,7.256546749200363685e-21
2.916640776023706394e+01,6.349837884147101081e-21
3.199018284775067045e+01,5.547198160349062701e-21
3.508734455902715155e+01,4.840003801471403099e-21
3.848436109487433043e+01,4.216806243630507381e-21
4.221026320156902756e+01,3.668147052747117438e-21
4.629689226627267828e+01,3.185252827839553587e-21
5.077917243205402542e+01,2.762388999696068715e-21
5.569540905800135988e+01,2.391134385258736720e-21
6.108761607505039848e+01,2.066772449254357601e-21
6.700187503509590670e+01,1.783623865448425811e-21
7.348872892180388305e+01,1.536002823635707434e-21
8.060361408861344046e+01,1.320149897238360633e-21
8.840733401525062618e+01,1.132935684474436455e-21
9.696657893145520291e+01,9.702290376146362897e-22
1.063544957486011242e+02,8.290658775631236107e-22
1.166513131698198436e+02,7.072678601813479561e-22
1.279450273207873465e+02,6.019867283816919133e-22
1.403321537605487492e+02,5.111559774190050141e-22
1.539185522990205470e+02,4.331502729109945510e-22
1.688203316700366088e+02,3.661254016934896566e-22
1.851648417912153946e+02,3.087429329955447344e-22
2.030917620904738783e+02,2.596829025455161986e-22
2.227542951999556351e+02,2.178889104522992108e-22
2.443204762186491621e+02,1.823153979767762680e-22
2.679746087325689246e+02,1.520997528968235964e-22
2.939188398646890050e+02,1.265601451533363277e-22
3.223748878149027064e+02,1.049744806303883143e-22
3.535859366535182744e+02,8.680398310005181162e-23
3.878187145610719426e+02,7.154223296550240250e-23
4.253657732750392029e+02,5.876814294805224416e-23
4.665479882234467937e+02,4.810922382492752308e-23
5.117173007114610073e+02,3.924019112538925005e-23
5.612597255954965476e+02,3.188076582980456443e-23
6.155986501483514530e+02,2.580953992395002908e-23
6.751984523072494540e+02,2.080686535698234915e-23
7.405684692262443605e+02,1.670442113662104391e-23
8.122673500479702398e+02,1.335216959113655761e-23
8.909078300934141907e+02,1.062528331676586176e-23
9.771619672696201633e+02,8.416549481183588141e-24
1.071766885445503476e+03,6.635016516873794112e-24
1.175531073878372354e+03,5.204857239581531155e-24
1.289341296525715734e+03,4.061910491793381362e-24
1.414170170289027055e+03,3.153817945443743248e-24
1.551084476952840532e+03,2.435132570381843567e-24
1.701254279852592617e+03,1.870006288064069216e-24
1.865962923181745964e+03,1.427730238497700305e-24
2.046617999391994090e+03,1.083727982514197208e-24
2.244763378413224018e+03,8.176548048095133011e-25
2.462092401494630394e+03,6.130541940878740686e-25
2.700462352420682237e+03,4.567581190587040430e-25
2.961910329772559635e+03,3.381033138436343496e-25
3.248670655878374873e+03,2.486125252702388892e-25
3.563193971228591181e+03,1.815520623311300539e-25
3.908168177536264011e+03,1.316647312733034785e-25
4.286541408420934204e+03,9.481050027697795870e-26
4.701547224022129740e+03,6.777589541503201266e-26
5.156732244854973942e+03,4.808831130648419102e-26
5.655986461065002004e+03,3.386068888709084684e-26
6.203576476104281937e+03,2.365892536748620317e-26
6.804181968927094204e+03,1.640135833700469240e-26
7.462935686310144774e+03,1.127830261286391151e-26
8.185467307069021444e+03,7.691430671952361943e-27
8.977951553033331948e+03,5.201377206865067061e-27
9.847160957933763711e+03,3.487792306557727107e-27
1.080052374516254167e+04,2.318567259052353151e-27
1.184618730902682364e+04,1.527468245656718704e-27
1.299308784200417176e+04,9.971212010923361798e-28
1.425102670302996557e+04,6.449596349318521769e-28
1.563075417945817389e+04,4.133317299632906473e-28
1.714406135851968429e+04,2.623517278122603525e-28
1.880388089340916486e+04,1.648663489012796890e-28
2.062439752514096836e+04,1.025695133821654206e-28
2.262116930469025829e+04,6.342928911097168312e-29
2.481126055137774893e+04,3.852060117064891984e-29
2.721338768375308791e+04,2.323242453446940753e-29
2.984807916924333404e+04,1.385920371849757540e-29
3.273785095948577509e+04,8.176491597040604613e-30
3.590739891061062372e+04,4.770733040251223521e-30
3.938380983288488642e+04,2.752609762327522082e-30
4.319679297334182047e+04,1.569155548637905512e-30
4.737893390963143611e+04,8.835328681113694816e-31
5.196597302486207627e+04,4.914120015507985960e-31
5.699711094326075545e+04,2.699796723161597133e-31
6.251534353689724230e+04,1.468846202074157311e-31
6.856782936641738343e+04,7.841584453479260537e-32
7.520629269592421770e+04,4.139013533288130791e-32
8.248746552614581014e+04,2.154887793821774105e-32
9.047357242349311127e+04,1.106628898447092925e-32
9.923286228832545748e+04,5.604146610933093695e-33
1.088401916069007711e+05,2.793936976197569665e-33
1.193776641714435682e+05,1.371219754085487988e-33
1.309353327353612112e+05,6.626459539556271090e-34
1.436119685999077337e+05,3.152930283452717435e-34
1.575159057091624418e+05,1.476676603895495433e-34
1.727659664669034246e+05,6.792369182180943969e-35
1.894924771873823483e+05,3.069088514208216530e-35
2.078383818579755607e+05,1.362645868414545034e-35
2.279604637318981986e+05,5.944353952310137823e-36
2.500306851906321244e+05,2.551417877067903364e-36
2.742376573264952167e+05,1.070770634421487069e-36
3.007882518043096061e+05,4.395574712966780569e-37
3.299093687770942342e+05,1.771800957128377425e-37
3.618498759642742807e+05,7.000119793273917563e-38
3.968827354637166136e+05,2.709833894124748332e-38
4.353073364731901092e+05,1.024064822150638089e-38
4.774520538566131145e+05,3.786470352967824956e-39
5.236770544204665930e+05,1.364627446713958005e-39
5.743773748826587107e+05,4.814142263703764418e-40
6.299862978380706627e+05,1.659249848891351614e-40
6.909790545715645421e+05,5.560504579519922763e-41
7.578768863625945523e+05,1.812187286932190089e-41
8.312514989890631987e+05,5.723170440682721878e-42
9.117299484984939918e+05,1.704299650275482131e-42
