9.999999999999999547e-07,1.907627615036675922e-05
1.096816005273138014e-06,1.656991764203518384e-05
1.203005349423324184e-06,1.438155695462316807e-05
1.319475521676705910e-06,1.247230803777342688e-05
1.447221870741134366e-06,1.080785835570415640e-05
1.587336111010208705e-06,9.357953376854660776e-06
1.741015652304015331e-06,8.095935706268108368e-06
1.909573832878096448e-06,6.998334001340926071e-06
2.094451143151468901e-06,6.044497152449510373e-06
2.297227536071151343e-06,5.216269092632057300e-06
2.519635929317013282e-06,4.497699683013038334e-06
2.763577014736157548e-06,3.874787596005502377e-06
3.031135501567576034e-06,3.335251751483265817e-06
3.324597932270938332e-06,2.868328362402869089e-06
3.646472223212744903e-06,2.464590937559919410e-06
3.999509097203669772e-06,2.115790777632422362e-06
4.386725591048494378e-06,1.814715704470921699e-06
4.811430839003264423e-06,1.555065006107402988e-06
5.277254352483532008e-06,1.331338817927948898e-06
5.788177037701280115e-06,1.138740358565245487e-06
6.348565216305222930e-06,9.730895998804099777e-07
6.963207939763891358e-06,8.307470929880773635e-07
7.637357916378026724e-06,7.085468067060382081e-07
8.376776400682923638e-06,6.037369592702517498e-07
9.187782428863339748e-06,5.139279351979159950e-07
1.007730682094461773e-05,4.370464773309318463e-07
1.105295141126022199e-05,3.712954318764776577e-07
1.212305401337652729e-05,3.151184033323398446e-07
1.329675967466212602e-05,2.671687471663397317e-07
1.458409882943986393e-05,2.262823915695093285e-07
1.599607301861487752e-05,1.914540363153688818e-07
1.754474890833459822e-05,1.618163274535686397e-07
1.924336141115980055e-05,1.366216519677489019e-07
2.110642679101555104e-05,1.152023734641642791e-07
2.314986671851160856e-05,9.705443139745312936e-08
2.539114433680346642e-05,8.167608172323990154e-08
2.784941350080644140e-05,6.865865013607252814e-08
3.054568246515432163e-05,5.765164148842294117e-08
3.350299341977229842e-05,4.836837375548428613e-08
3.674661940736687922e-05,4.051102902775654563e-08
4.030428030568051443e-05,3.390069903677763485e-08
4.420637972028530196e-05,2.833612663642291014e-08
4.848626481239078214e-05,2.365722361738477204e-08
5.318051128214196547e-05,1.972756576181517928e-08
5.832923594286212095e-05,1.643102301642199097e-08
6.397643955748424092e-05,1.366885067480017779e-08
7.017038286703836689e-05,1.135718122356612112e-08
7.696399902471150959e-05,9.424864029521298196e-09
8.441534596012993945e-05,7.811606670189943755e-09
9.258810253973946442e-05,6.466377530781113804e-09
1.015521127634568086e-04,5.346034433455685231e-09
1.113839826482619416e-04,4.414148593885069877e-09
1.221677348996791812e-04,3.639997187226267713e-09
1.339955269659338412e-04,2.997701312867119613e-09
1.469684386112446071e-04,2.465489209984611059e-09
1.611973357388157043e-04,2.025067260705035518e-09
1.768038178457208417e-04,1.661083659899101527e-09
1.939212572065831012e-04,1.360671667291215116e-09
2.126959386668691900e-04,1.113061124599943638e-09
2.332883097864158460e-04,9.092484536648745346e-10
2.558743520168589233e-04,7.417166942416787199e-10
2.806470846309838869e-04,6.041983027595064919e-10
3.078182142565079478e-04,4.914744428602576804e-10
3.376199441111339922e-04,3.992053696560936760e-10
3.703069584005140493e-04,3.237872747072994369e-10
4.061585988376979588e-04,2.622316199825074696e-10
4.454812518844988400e-04,2.120635628632028454e-10
4.886109671160326559e-04,1.712365637769342578e-10
5.359163290848514881e-04,1.380606907610319971e-10
5.878016072274911547e-04,1.111425052515231308e-10
6.447102107323868887e-04,8.933472773123440661e-11
7.071284778942996639e-04,7.169415192355685913e-11
7.755898323389001994e-04,5.744650500559996558e-11
8.506793416364161154e-04,4.595714887927517160e-11
9.330387172620369486e-04,3.670668814293536494e-11
1.023371798632520275e-03,2.927069442658432439e-11
1.122450568085306974e-03,2.330287864843615587e-11
1.231121748203890722e-03,1.852114620750330720e-11
1.350314037869873715e-03,1.469605892249889711e-11
1.481046048880675734e-03,1.164130344210650062e-11
1.624435010958867089e-03,9.205829724970876221e-12
1.781706319545730676e-03,7.267377007199880181e-12
1.954204007974053459e-03,5.727150489807704829e-12
2.143402233514856738e-03,4.505450995740493338e-12
2.350917875457286636e-03,3.538092821668296568e-12
2.578524352884273892e-03,2.773472397777478449e-12
2.828166780230032939e-03,2.170173469895884673e-12
3.101978590138096837e-03,1.695013831826508389e-12
3.402299765678071415e-03,1.321454985002395430e-12
3.731696837732755619e-03,1.028309592475633608e-12
4.092984818452442136e-03,7.986927726127247323e-13
4.489251258218607613e-03,6.191727821344482955e-13
4.923882631706741689e-03,4.790843546831106051e-13
5.400593278542373601e-03,3.699745613789572105e-13
5.923457145875806254e-03,2.851564187769550326e-13
6.496942604146124095e-03,2.193499350664861434e-13
7.125950633568410228e-03,1.683940039650375216e-13
7.815856707684091381e-03,1.290156152713333432e-13
8.572556731909325087e-03,9.864529439477232883e-14
9.402517429670131932e-03,7.526983812586642557e-14
1.031283160672184784e-02,5.731501840042334982e-14
1.131127876593921409e-02,4.355237568740647885e-14
1.240639159058831882e-02,3.302497633121746435e-14
1.360752886424333036e-02,2.498937847279036756e-14
1.492495545051829124e-02,1.886878825765830091e-14
1.636993001611701873e-02,1.421683377813928581e-14
1.795480124687830539e-02,1.068876850532690377e-14
1.969311337907421466e-02,8.018909089533118335e-15
2.159972194782716973e-02,6.002944050412908472e-15
2.369092074182631985e-02,4.484101997688842718e-15
2.598458104929247253e-02,3.342354106197735814e-15
2.850030438518105086e-02,2.486008656612932406e-15
3.125959000482284034e-02,1.845178057931275871e-15
3.428601863556589996e-02,1.366713802828130422e-15
3.760545399658175858e-02,1.010292636512638827e-15
4.124626382901356442e-02,7.453898789636043947e-16
4.523956232538058064e-02,5.489547081060892453e-16
4.961947603002907908e-02,4.036191886588674230e-16
5.442343548300272033e-02,2.963307724426802663e-16
5.969249509970739331e-02,2.173027519530298790e-16
6.547168402004742427e-02,1.592142933297690810e-16
7.181039092537355728e-02,1.166049379926139396e-16
7.876278611187063905e-02,8.540903203499096891e-17
8.638828442740453806e-02,6.261004936530611898e-17
9.475205302806546936e-02,4.597338906860434545e-17
1.039255682936713054e-01,3.384588498555883409e-17
1.139872266616052537e-01,2.501489949143999976e-17
1.250230145991456099e-01,1.859361977402670655e-17
1.371272434398400908e-01,1.391485247550492816e-17
1.504033553638025045e-01,1.050604912639620473e-17
1.649648074098020722e-01,8.019121773819022294e-18
1.809360410738716507e-01,6.196167584650475773e-18
1.984535457805803316e-01,4.855271494196470432e-18
2.176670253153459023e-01,3.863127967474051621e-18
2.387406771860647037e-01,3.122243215372307217e-18
2.618545958474232660e-01,2.563885488907869991e-18
2.872063117797828413e-01,2.137860459905540162e-18
3.150124795755327445e-01,1.808393544570027581e-18
3.455107294592217881e-01,1.549150142390268878e-18
3.789616980644715527e-01,1.342043624482442870e-18
4.156512558225987641e-01,1.173605271695268791e-18
4.558929499981058675e-01,1.034321193703238269e-18
5.000306842491090142e-01,9.173545125814831563e-19
5.484416576121015074e-01,8.175047462683125301e-19
6.015395880274833074e-01,7.313674634168750900e-19
6.597782479539546774e-01,6.560892080532440475e-19
7.236553422869664853e-01,5.898215897648470156e-19
7.937167617217559812e-01,5.310301253825576083e-19
8.705612479099873457e-01,4.785398642722572276e-19
9.548455102782302806e-01,4.315100017561869108e-19
1.047289838236359572e+00,3.892137898972826241e-19
1.148684256737554810e+00,3.510762023326320660e-19
1.259895277795028523e+00,3.166350370391521505e-19
1.381873305653633421e+00,2.855267932756677396e-19
1.515660758900604366e+00,2.573499187654568620e-19
1.662400978926613426e+00,2.318668787961702164e-19
1.823348000868442176e+00,2.088116218449614790e-19
1.999877270535286966e+00,1.879147621225097177e-19
2.193497398905059903e+00,1.690391412799407485e-19
2.405863054644066690e+00,1.519349978590735538e-19
2.638789104828934473e+00,1.364768427715606094e-19
2.894266124716752042e+00,1.225202380140391554e-19
3.174477409109193626e+00,1.098865538237572702e-19
3.481817630688966325e+00,9.849954576005758520e-20
3.818913304781854201e+00,8.821985121698785653e-20
4.188645235435270564e+00,7.894407697711688724e-20
4.594173134636476696e+00,7.059291346962086042e-20
5.038962625065150469e+00,6.306648815764883164e-20
5.526814857144603188e+00,5.629667077698677684e-20
6.061898993497572441e+00,5.021248751650700942e-20
6.648787838417263174e+00,4.474045104838401618e-20
7.292496916841444410e+00,3.982808298872774905e-20
7.998527336796708020e+00,3.542584137281055595e-20
8.772912801613356848e+00,3.147308457740324100e-20
9.622271173675134293e+00,2.793718159893898918e-20
1.055386103036522805e+01,2.477202412372732269e-20
1.157564369553305639e+01,2.194350319718402563e-20
1.269635127659975282e+01,1.941553459589328520e-20
1.392556128874464783e+01,1.716021546974989381e-20
1.527377850390715608e+01,1.514845877932283713e-20
1.675252472408217130e+01,1.335859422075476627e-20
1.837443724610728424e+01,1.176504604597682327e-20
2.015337685941735302e+01,1.034898852449287651e-20
2.210454629971023621e+01,9.092970576054138149e-21
2.424462017082330689e+01,7.977394824950749083e-21
2.659188744512696445e+01,6.989922694871050114e-21
2.916640776023706394e+01,6.117301306785289385e-21
3.199018284775067045e+01,5.344654760618232121e-21
3.508734455902715155e+01,4.663767419441283228e-21
3.848436109487433043e+01,4.063641650539538303e-21
4.221026320156902756e+01,3.535195621040313587e-21
4.629689226627267828e+01,3.070008467786676148e-21
5.077917243205402542e+01,2.662601864955512792e-21
5.569540905800135988e+01,2.304858778156100121e-21
6.108761607505039848e+01,1.992268718911241528e-21
6.700187503509590670e+01,1.719367637655675880e-21
7.348872892180388305e+01,1.480676672188462580e-21
8.060361408861344046e+01,1.272589176445771484e-21
8.840733401525062618e+01,1.092101186104005389e-21
9.696657893145520291e+01,9.352283975454157403e-22
1.063544957486011242e+02,7.991189239509861115e-22
1.166513131698198436e+02,6.816810259473290114e-22
1.279450273207873465e+02,5.801662094674684333e-22
1.403321537605487492e+02,4.925829941118939977e-22
1.539185522990205470e+02,4.173686433399267328e-22
1.688203316700366088e+02,3.527436018652923123e-22
1.851648417912153946e+02,2.974186553622689473e-22
2.030917620904738783e+02,2.501203651279325807e-22
2.227542951999556351e+02,2.098307667736291926e-22
2.443204762186491621e+02,1.755410772337770276e-22
2.679746087325689246e+02,1.464190704369354428e-22
2.939188398646890050e+02,1.218074274328253111e-22
3.223748878149027064e+02,1.010090676443960674e-22
3.535859366535182744e+02,8.350437318840071443e-23
3.878187145610719426e+02,6.880462748783941417e-23
4.253657732750392029e+02,5.650354570556529937e-23
4.665479882234467937e+02,4.624167178581239745e-23
5.117173007114610073e+02,3.770514517916214775e-23
5.612597255954965476e+02,3.062351799761336557e-23
6.155986501483514530e+02,2.478320869615921521e-23
6.751984523072494540e+02,1.997227386508155346e-23
7.405684692262443605e+02,1.602836833217445390e-23
8.122673500479702398e+02,1.280679219407629538e-23
8.909078300934141907e+02,1.018717104900921856e-23
9.771619672696201633e+02,8.066141952874305346e-24
1.071766885445503476e+03,6.356044335923113323e-24
1.175531073878372354e+03,4.983814525924899112e-24
1.289341296525715734e+03,3.887645384056940328e-24
1.414170170289027055e+03,3.017116478359974394e-24
1.551084476952840532e+03,2.328484120923167854e-24
1.701254279852592617e+03,1.787252335370636956e-24
1.865962923181745964e+03,1.363887217683336003e-24
2.046617999391994090e+03,1.034761195679029807e-24
2.244763378413224018e+03,7.803259801091667416e-25
2.462092401494630394e+03,5.847774740404208724e-25
2.700462352420682237e+03,4.354757342663062326e-25
2.961910329772559635e+03,3.221914653462038423e-25
3.248670655878374873e+03,2.367970737136994649e-25
3.563193971228591181e+03,1.728407478756134813e-25
3.908168177536264011e+03,1.252880557498653178e-25
4.286541408420934204e+03,9.017715323877794569e-26
4.701547224022129740e+03,6.443485339862281313e-26
5.156732244854973942e+03,4.569800388790707449e-26
5.655986461065002004e+03,3.216424191061861739e-26
6.203576476104281937e+03,2.246472138842959874e-26
6.804181968927094204e+03,1.556768311598409157e-26
7.462935686310144774e+03,1.070130703572678374e-26
8.185467307069021444e+03,7.295600513011476700e-27
8.977951553033331948e+03,4.932259589610260921e-27
9.847160957933763711e+03,3.306476472181650863e-27
1.080052374516254167e+04,2.197537785314665950e-27
1.184618730902682364e+04,1.447459641042741285e-27
1.299308784200417176e+04,9.447488720336744680e-28
1.425102670302996557e+04,6.110153497769281636e-28
1.563075417945817389e+04,3.915496265183163906e-28
1.714406135851968429e+04,2.485184695949899149e-28
1.880388089340916486e+04,1.561753480289310441e-28
2.062439752514096836e+04,9.716803615964987859e-29
2.262116930469025829e+04,6.009494963809678559e-29
2.481126055137774893e+04,3.650086026033644133e-29
2.721338768375308791e+04,2.201836448793341894e-29
2.984807916924333404e+04,1.313796288902900064e-29
3.273785095948577509e+04,7.753067366551768426e-30
3.590739891061062372e+04,4.525065800647310548e-30
3.938380983288488642e+04,2.611758307863117158e-30
4.319679297334182047e+04,1.489423562712639138e-30
4.737893390963143611e+04,8.389822165009841643e-31
5.196597302486207627e+04,4.668373038828622905e-31
5.699711094326075545e+04,2.565965292677768049e-31
6.251534353689724230e+04,1.396703216938509683e-31
6.856782936641738343e+04,7.460164026366596231e-32
7.520629269592421770e+04,3.939701422695595723e-32
8.248746552614581014e+04,2.052184916246593860e-32
9.047357242349311127e+04,1.054437654410895130e-32
9.923286228832545748e+04,5.342636750387866249e-33
1.088401916069007711e+05,2.664947222991815703e-33
1.193776641714435682e+05,1.308583919660639431e-33
1.309353327353612112e+05,6.326941339603389474e-34
1.436119685999077337e+05,3.011885547007087980e-34
1.575159057091624418e+05,1.411284058456012133e-34
1.727659664669034246e+05,6.494511958230767519e-35
1.894924771873823483e+05,2.935765175493331285e-35
2.078383818579755607e+05,1.303982431481363130e-35
2.279604637318981986e+05,5.690627373132007769e-36
2.500306851906321244e+05,2.443393434457171837e-36
2.742376573264952167e+05,1.025776657521220070e-36
3.007882518043096061e+05,4.212164325082143339e-37
3.299093687770942342e+05,1.698349502762758114e-37
3.618498759642742807e+05,6.711658439963216686e-38
3.968827354637166136e+05,2.598779239731656257e-38
4.353073364731901092e+05,9.823034091584023941e-39
4.774520538566131145e+05,3.632742794824581668e-39
5.236770544204665930e+05,1.309446195929069476e-39
5.743773748826587107e+05,4.620171692936532009e-40
6.299862978380706627e+05,1.592609936678294868e-40
6.909790545715645421e+05,5.337804342740065171e-41
7.578768863625945523e+05,1.739786555958293514e-41
8.312514989890631987e+05,5.495009242682968500e-42
9.117299484984939918e+05,1.636481351550387153e-42
