9.999999999999999547e-07,2.029359794285029014e-05
1.096816005273138014e-06,1.763083494118730042e-05
1.203005349423324184e-06,1.530557145377629399e-05
1.319475521676705910e-06,1.327655998633068545e-05
1.447221870741134366e-06,1.150740459323475451e-05
1.587336111010208705e-06,9.966013529445790276e-06
1.741015652304015331e-06,8.624110041718166671e-06
1.909573832878096448e-06,7.456796103559130115e-06
2.094451143151468901e-06,6.442164269211003323e-06
2.297227536071151343e-06,5.560952703780405177e-06
2.519635929317013282e-06,4.796238538466300700e-06
2.763577014736157548e-06,4.133165207627087478e-06
3.031135501567576034e-06,3.558700099457431625e-06
3.324597932270938332e-06,3.061419386989471539e-06
3.646472223212744903e-06,2.631317217761641223e-06
3.999509097203669772e-06,2.259636642545500307e-06
4.386725591048494378e-06,1.938719881315967619e-06
4.811430839003264423e-06,1.661875783143701315e-06
5.277254352483532008e-06,1.423262590144638736e-06
5.788177037701280115e-06,1.217784326616163224e-06
6.348565216305222930e-06,1.040999305756274199e-06
6.963207939763891358e-06,8.890393981242495280e-07
7.637357916378026724e-06,7.585388489760033666e-07
8.376776400682923638e-06,6.465715638986976729e-07
9.187782428863339748e-06,5.505959001457893227e-07
1.007730682094461773e-05,4.684061053079877998e-07
1.105295141126022199e-05,3.980896381425571772e-07
1.212305401337652729e-05,3.379896902862628427e-07
1.329675967466212602e-05,2.866723028677796409e-07
1.458409882943986393e-05,2.428975393140161347e-07
1.599607301861487752e-05,2.055942357625524619e-07
1.754474890833459822e-05,1.738379042099922728e-07
1.924336141115980055e-05,1.468314116263992693e-07
2.110642679101555104e-05,1.238624001327015245e-07
2.314986671851160856e-05,1.043935509600416450e-07
2.539114433680346642e-05,8.788903428407807327e-08
2.784941350080644140e-05,7.391246836968420522e-08
3.054568246515432163e-05,6.208944979592171711e-08
3.350299341977229842e-05,5.211370072393256011e-08
3.674661940736687922e-05,4.366660817910347289e-08
4.030428030568051443e-05,3.655703553882301807e-08
4.420637972028530196e-05,3.056958331522710761e-08
4.848626481239078214e-05,2.553289101621705729e-08
5.318051128214196547e-05,2.130086518096580648e-08
5.832923594286212095e-05,1.774909026587187754e-08
6.397643955748424092e-05,1.477172935722190923e-08
7.017038286703836689e-05,1.227885073264590944e-08
7.696399902471150959e-05,1.019412425467153152e-08
8.441534596012993945e-05,8.452838592901605315e-09
9.258810253973946442e-05,7.000196432462514099e-09
1.015521127634568086e-04,5.789850272602665876e-09
1.113839826482619416e-04,4.782646215813539593e-09
1.221677348996791812e-04,3.945547371148508390e-09
1.339955269659338412e-04,3.250712212112471589e-09
1.469684386112446071e-04,2.674706475086449756e-09
1.611973357388157043e-04,2.197830030717609351e-09
1.768038178457208417e-04,1.803542644644449084e-09
1.939212572065831012e-04,1.477974704344156808e-09
2.126959386668691900e-04,1.209510864169742193e-09
2.332883097864158460e-04,9.884361879435660655e-10
2.558743520168589233e-04,8.066357947830481046e-10
2.806470846309838869e-04,6.573402486508774204e-10
3.078182142565079478e-04,5.349100052889583707e-10
3.376199441111339922e-04,4.346531561866785656e-10
3.703069584005140493e-04,3.526715234211365868e-10
4.061585988376979588e-04,2.857308627349880747e-10
4.454812518844988400e-04,2.311515434115920093e-10
4.886109671160326559e-04,1.867165948099933125e-10
5.359163290848514881e-04,1.505944603827086649e-10
5.878016072274911547e-04,1.212741938782165404e-10
6.447102107323868887e-04,9.751116886869389627e-11
7.071284778942996639e-04,7.828166005935974928e-11
7.755898323389001994e-04,6.274489999749353223e-11
8.506793416364161154e-04,5.021142541067706238e-11
9.330387172620369486e-04,4.011671024091286396e-11
1.023371798632520275e-03,3.199923635189233033e-11
1.122450568085306974e-03,2.548228344790802178e-11
1.231121748203890722e-03,2.025883057419311515e-11
1.350314037869873715e-03,1.607905674411916034e-11
1.481046048880675734e-03,1.274000967640015926e-11
1.624435010958867089e-03,1.007708018006241261e-11
1.781706319545730676e-03,7.956977523763696254e-12
1.954204007974053459e-03,6.271950368003830337e-12
2.143402233514856738e-03,4.935039794352939567e-12
2.350917875457286636e-03,3.876186464746955197e-12
2.578524352884273892e-03,3.039043423098324193e-12
2.828166780230032939e-03,2.378370953130014517e-12
3.101978590138096837e-03,1.857910721909199778e-12
3.402299765678071415e-03,1.448654086519827354e-12
3.731696837732755619e-03,1.127433998890043838e-12
4.092984818452442136e-03,8.757820190134755886e-13
4.489251258218607613e-03,6.790022248032881368e-13
4.923882631706741689e-03,5.254221490716410479e-13
5.400593278542373601e-03,4.057880214105709529e-13
5.923457145875806254e-03,3.127773956845421177e-13
6.496942604146124095e-03,2.406070841699419613e-13
7.125950633568410228e-03,1.847183455537356576e-13
7.815856707684091381e-03,1.415246200642965441e-13
8.572556731909325087e-03,1.082097041267575939e-13
9.402517429670131932e-03,8.256666631105332271e-14
1.031283160672184784e-02,6.286949574929648644e-14
1.131127876593921409e-02,4.777101801932170359e-14
1.240639159058831882e-02,3.622190607957204616e-14
1.360752886424333036e-02,2.740651652737437519e-14
1.492495545051829124e-02,2.069217248382668052e-14
1.636993001611701873e-02,1.558916541067272489e-14
1.795480124687830539e-02,1.171925173758122324e-14
1.969311337907421466e-02,8.790917762065394124e-15
2.159972194782716973e-02,6.579980316763623218e-15
2.369092074182631985e-02,4.914417070620164999e-15
2.598458104929247253e-02,3.662522526567782696e-15
2.850030438518105086e-02,2.723686705916284908e-15
3.125959000482284034e-02,2.021226726495464234e-15
3.428601863556589996e-02,1.496830887778599586e-15
3.760545399658175858e-02,1.106259578317569162e-15
4.124626382901356442e-02,8.160276378953302476e-16
4.523956232538058064e-02,6.008509057191749307e-16
4.961947603002907908e-02,4.416809719185349978e-16
5.442343548300272033e-02,3.242042901450271856e-16
5.969249509970739331e-02,2.376902887821857913e-16
6.547168402004742427e-02,1.741134002524901798e-16
7.181039092537355728e-02,1.274886211649909719e-16
7.876278611187063905e-02,9.336060413213920318e-17
8.638828442740453806e-02,6.842437047406095674e-17
9.475205302806546936e-02,5.023218144792909017e-17
1.039255682936713054e-01,3.697360424631905338e-17
1.139872266616052537e-01,2.732099452661507461e-17
1.250230145991456099e-01,2.030363687660529175e-17
1.371272434398400908e-01,1.519143285319112893e-17
1.504033553638025045e-01,1.146739200312600192e-17
1.649648074098020722e-01,8.750816391284246873e-18
1.809360410738716507e-01,6.759712930642669885e-18
1.984535457805803316e-01,5.295220536758147305e-18
2.176670253153459023e-01,4.211656650262344007e-18
2.387406771860647037e-01,3.402506783414749698e-18
2.618545958474232660e-01,2.792687956248499096e-18
2.872063117797828413e-01,2.327389549459669158e-18
3.150124795755327445e-01,1.967542897327733972e-18
3.455107294592217881e-01,1.684407285682971335e-18
3.789616980644715527e-01,1.458229417517997508e-18
4.156512558225987641e-01,1.274312154488055207e-18
4.558929499981058675e-01,1.122266454788674160e-18
5.000306842491090142e-01,9.946251978112184363e-19
5.484416576121015074e-01,8.857150090705210873e-19
6.015395880274833074e-01,7.918078922412727856e-19
6.597782479539546774e-01,7.097921422858575417e-19
7.236553422869664853e-01,6.376388223423784143e-19
7.937167617217559812e-01,5.736710544561370629e-19
8.705612479099873457e-01,5.166024828796183631e-19
9.548455102782302806e-01,4.655087933282279863e-19
1.047289838236359572e+00,4.195939794334288614e-19
1.148684256737554810e+00,3.782254664149933164e-19
1.259895277795028523e+00,3.408964992455157663e-19
1.381873305653633421e+00,3.072053779839788151e-19
1.515660758900604366e+00,2.767137528489515323e-19
1.662400978926613426e+00,2.491579944443705997e-19
1.823348000868442176e+00,2.242458314414743992e-19
1.999877270535286966e+00,2.016841341180735468e-19
2.193497398905059903e+00,1.813185664412415894e-19
2.405863054644066690e+00,1.628787933476013509e-19
2.638789104828934473e+00,1.462252039672208050e-19
2.894266124716752042e+00,1.311993515576378351e-19
3.174477409109193626e+00,1.176081610048696933e-19
3.481817630688966325e+00,1.053657976128127342e-19
3.818913304781854201e+00,9.432151297148930971e-20
4.188645235435270564e+00,8.436260879604696053e-20
4.594173134636476696e+00,7.540188242831027768e-20
5.038962625065150469e+00,6.733135817802827740e-20
5.526814857144603188e+00,6.007659299587292891e-20
6.061898993497572441e+00,5.356032168348038243e-20
6.648787838417263174e+00,4.770332534097973369e-20
7.292496916841444410e+00,4.244835471597430252e-20
7.998527336796708020e+00,3.774154213242330072e-20
8.772912801613356848e+00,3.351787791916038723e-20
9.622271173675134293e+00,2.974145497143829559e-20
1.055386103036522805e+01,2.636277650815347014e-20
1.157564369553305639e+01,2.334489420422604475e-20
1.269635127659975282e+01,2.064902577229987389e-20
1.392556128874464783e+01,1.824502030192775918e-20
1.527377850390715608e+01,1.610162213328392712e-20
1.675252472408217130e+01,1.419538551336396476e-20
1.837443724610728424e+01,1.249898074740968092e-20
2.015337685941735302e+01,1.099210286972424018e-20
2.210454629971023621e+01,9.655988918402999050e-21
2.424462017082330689e+01,8.469755330101795367e-21
2.659188744512696445e+01,7.420062519967498240e-21
2.916640776023706394e+01,6.492736814305099567e-21
3.199018284775067045e+01,5.671933425414668929e-21
3.508734455902715155e+01,4.948782259177784059e-21
3.848436109487433043e+01,4.311568405378667579e-21
4.221026320156902756e+01,3.750606910082933593e-21
4.629689226627267828e+01,3.256915482141815589e-21
5.077917243205402542e+01,2.824604911460797416e-21
5.569540905800135988e+01,2.445075142219454015e-21
6.108761607505039848e+01,2.113485047713911592e-21
6.700187503509590670e+01,1.824028869479338485e-21
7.348872892180388305e+01,1.570896774491774029e-21
8.060361408861344046e+01,1.350237750640596617e-21
8.840733401525062618e+01,1.158848765540025140e-21
9.696657893145520291e+01,9.925102228839140738e-22
1.063544957486011242e+02,8.481909953429525644e-22
1.166513131698198436e+02,7.236613042750151983e-22
1.279450273207873465e+02,6.160126376696777875e-22
1.403321537605487492e+02,5.231336768175845923e-22
1.539185522990205470e+02,4.433614310965503892e-22
1.688203316700366088e+02,3.748124425571345565e-22
1.851648417912153946e+02,3.161185950623395477e-22
2.030917620904738783e+02,2.659317005873110106e-22
2.227542951999556351e+02,2.231719867733495112e-22
2.443204762186491621e+02,1.867713152447068148e-22
2.679746087325689246e+02,1.558484642770916750e-22
2.939188398646890050e+02,1.297066053842236601e-22
3.223748878149027064e+02,1.076081068075961934e-22
3.535859366535182744e+02,8.900233891826036837e-23
3.878187145610719426e+02,7.337184648696798010e-23
4.253657732750392029e+02,6.028629351095489176e-23
4.665479882234467937e+02,4.936500288466671263e-23
5.117173007114610073e+02,4.027547422302125598e-23
5.612597255954965476e+02,3.273119096280944893e-23
6.155986501483514530e+02,2.650578268216031866e-23
6.751984523072494540e+02,2.137465227403935935e-23
7.405684692262443605e+02,1.716564463444558454e-23
8.122673500479702398e+02,1.372527285813249372e-23
8.909078300934141907e+02,1.092582276914044840e-23
9.771619672696201633e+02,8.657572114177557293e-24
1.071766885445503476e+03,6.827413966421781528e-24
1.175531073878372354e+03,5.357703878524207518e-24
1.289341296525715734e+03,4.182725440601168295e-24
1.414170170289027055e+03,3.248835713921802899e-24
1.551084476952840532e+03,2.509451795920165516e-24
1.701254279852592617e+03,1.927821900255864379e-24
1.865962923181745964e+03,1.472447692685558078e-24
2.046617999391994090e+03,1.118113185748836117e-24
2.244763378413224018e+03,8.439346001250955687e-25
2.462092401494630394e+03,6.330122382747750531e-25
2.700462352420682237e+03,4.718181317662176945e-25
2.961910329772559635e+03,3.493921341022783520e-25
3.248670655878374873e+03,2.570169791256303762e-25
3.563193971228591181e+03,1.877648159221496349e-25
3.908168177536264011e+03,1.362245419087791490e-25
4.286541408420934204e+03,9.813258800262908496e-26
4.701547224022129740e+03,7.017790603883981416e-26
5.156732244854973942e+03,4.981151780532651490e-26
5.655986461065002004e+03,3.508707909373869058e-26
6.203576476104281937e+03,2.452466197269199357e-26
6.804181968927094204e+03,1.700744831000926296e-26
7.462935686310144774e+03,1.169899073227805366e-26
8.185467307069021444e+03,7.980870833846821357e-27
8.977951553033331948e+03,5.398741094799584421e-27
9.847160957933763711e+03,3.621159567861286361e-27
1.080052374516254167e+04,2.407857589202263349e-27
1.184618730902682364e+04,1.586673662553934815e-27
1.299308784200417176e+04,1.035994201257178881e-27
1.425102670302996557e+04,6.702317795301561971e-28
1.563075417945817389e+04,4.295988382129141851e-28
1.714406135851968429e+04,2.727144768281725106e-28
1.880388089340916486e+04,1.713971011329274967e-28
2.062439752514096836e+04,1.066409600502134009e-28
2.262116930469025829e+04,6.595032535122294397e-29
2.481126055137774893e+04,4.005241400680126556e-29
2.721338768375308791e+04,2.415600900586266757e-29
2.984807916924333404e+04,1.440954347058516063e-29
3.273785095948577509e+04,8.500551012741330128e-30
3.590739891061062372e+04,4.959304320794957790e-30
3.938380983288488642e+04,2.861039167939565762e-30
4.319679297334182047e+04,1.630708429691622700e-30
4.737893390963143611e+04,9.180208197231014554e-31
5.196597302486207627e+04,5.104869498826925191e-31
5.699711094326075545e+04,2.803946100652054632e-31
6.251534353689724230e+04,1.525128592298694290e-31
6.856782936641738343e+04,8.139859040017950038e-32
7.520629269592421770e+04,4.295229008760144541e-32
8.248746552614581014e+04,2.235554856888968079e-32
9.047357242349311127e+04,1.147703985586572286e-32
9.923286228832545748e+04,5.810341713190839191e-33
1.088401916069007711e+05,2.895816591770775991e-33
1.193776641714435682e+05,1.420768163348698609e-33
1.309353327353612112e+05,6.863728318453772638e-34
1.436119685999077337e+05,3.264802469992845677e-34
1.575159057091624418e+05,1.528601962009180185e-34
1.727659664669034246e+05,7.029111688210707333e-35
1.894924771873823483e+05,3.175142766678648052e-35
2.078383818579755607e+05,1.409342601218541775e-35
2.279604637318981986e+05,6.146436882680644304e-36
2.500306851906321244e+05,2.637493739346277889e-36
2.742376573264952167e+05,1.106634594947536885e-36
3.007882518043096061e+05,4.541802559265049063e-37
3.299093687770942342e+05,1.830370751736129189e-37
3.618498759642742807e+05,7.230156988383262779e-38
3.968827354637166136e+05,2.798398174179886879e-38
4.353073364731901092e+05,1.057367881254203671e-38
4.774520538566131145e+05,3.909053517939224875e-39
5.236770544204665930e+05,1.408625026582160744e-39
5.743773748826587107e+05,4.968782572333191933e-40
6.299862978380706627e+05,1.712370722443774262e-40
6.909790545715645421e+05,5.738002051101881685e-41
7.578768863625945523e+05,1.869884553776334870e-41
8.312514989890631987e+05,5.904971775131512187e-42
9.117299484984939918e+05,1.758331450916061511e-42
