9.999999999999999547e-07,1.714280777040880905e-05
1.096816005273138014e-06,1.489075385152582810e-05
1.203005349423324184e-06,1.292424593360652677e-05
1.319475521676705910e-06,1.120841281241152631e-05
1.447221870741134366e-06,9.712475668645605134e-06
1.587336111010208705e-06,8.409288263679143806e-06
1.741015652304015331e-06,7.274925654504647512e-06
1.909573832878096448e-06,6.288317148145796765e-06
2.094451143151468901e-06,5.430919507344709051e-06
2.297227536071151343e-06,4.686426306261612966e-06
2.519635929317013282e-06,4.040509403203990964e-06
2.763577014736157548e-06,3.480588917350065697e-06
3.031135501567576034e-06,2.995628657112563310e-06
3.324597932270938332e-06,2.575954390641942472e-06
3.646472223212744903e-06,2.213092604746671715e-06
3.999509097203669772e-06,1.899627563456175230e-06
4.386725591048494378e-06,1.629074656934265023e-06
4.811430839003264423e-06,1.395768246018573157e-06
5.277254352483532008e-06,1.194762418438143061e-06
5.788177037701280115e-06,1.021743248145447699e-06
6.348565216305222930e-06,8.729512915116849433e-07
6.963207939763891358e-06,7.451131804456263903e-07
7.637357916378026724e-06,6.353812917490425515e-07
8.376776400682923638e-06,5.412805825494479130e-07
9.187782428863339748e-06,4.606617803270721329e-07
1.007730682094461773e-05,3.916602033300629544e-07
1.105295141126022199e-05,3.326595652922074931e-07
1.212305401337652729e-05,2.822601887892744932e-07
1.329675967466212602e-05,2.392511148343416336e-07
1.458409882943986393e-05,2.025856529032822281e-07
1.599607301861487752e-05,1.713599661974817112e-07
1.754474890833459822e-05,1.447943322313030251e-07
1.924336141115980055e-05,1.222167594086264957e-07
2.110642679101555104e-05,1.030273415192651503e-07
2.314986671851160856e-05,8.677290100444982511e-08
2.539114433680346642e-05,7.300279259942627285e-08
2.784941350080644140e-05,6.134992059952073944e-08
3.054568246515432163e-05,5.149951159339927183e-08
3.350299341977229842e-05,4.319413256557633827e-08
3.674661940736687922e-05,3.616649583011067490e-08
4.030428030568051443e-05,3.025598144662877375e-08
4.420637972028530196e-05,2.528202361448051652e-08
4.848626481239078214e-05,2.110101814626021039e-08
5.318051128214196547e-05,1.759062093404913802e-08
5.832923594286212095e-05,1.464671641488648922e-08
6.397643955748424092e-05,1.218080115657716649e-08
7.017038286703836689e-05,1.011772820848488890e-08
7.696399902471150959e-05,8.393764633646218264e-09
8.441534596012993945e-05,6.954920603176952158e-09
9.258810253973946442e-05,5.755513676675096621e-09
1.015521127634568086e-04,4.756936524484594559e-09
1.113839826482619416e-04,3.926600428483286301e-09
1.221677348996791812e-04,3.237030491326200736e-09
1.339955269659338412e-04,2.665091644709790851e-09
1.469684386112446071e-04,2.191327308144189619e-09
1.611973357388157043e-04,1.799394969672413254e-09
1.768038178457208417e-04,1.475585071377578971e-09
1.939212572065831012e-04,1.208411418499543674e-09
2.126959386668691900e-04,9.882629237082176378e-10
2.332883097864158460e-04,8.071078803256202518e-10
2.558743520168589233e-04,6.582431682232103066e-10
2.806470846309838869e-04,5.360818441250931572e-10
3.078182142565079478e-04,4.359734775750377690e-10
3.376199441111339922e-04,3.540523788757496055e-10
3.703069584005140493e-04,2.871095542614449006e-10
4.061585988376979588e-04,2.324848193161033273e-10
4.454812518844988400e-04,1.879760181703858116e-10
4.886109671160326559e-04,1.517627367277116048e-10
5.359163290848514881e-04,1.223422786667606660e-10
5.878016072274911547e-04,9.847600563050616254e-11
6.447102107323868887e-04,7.914442590542261795e-11
7.071284778942996639e-04,6.350965856822261500e-11
7.755898323389001994e-04,5.088410574516866072e-11
8.506793416364161154e-04,4.070434310467641589e-11
9.330387172620369486e-04,3.250939189493032045e-11
1.023371798632520275e-03,2.592266514227886824e-11
1.122450568085306974e-03,2.063698999825896262e-11
1.231121748203890722e-03,1.640220101235816266e-11
1.350314037869873715e-03,1.301487872279409676e-11
1.481046048880675734e-03,1.030987597556495930e-11
1.624435010958867089e-03,8.153331591010895471e-12
1.781706319545730676e-03,6.436919177408698577e-12
1.954204007974053459e-03,5.073119879341999903e-12
2.143402233514856738e-03,3.991342743453628218e-12
2.350917875457286636e-03,3.134745846638531633e-12
2.578524352884273892e-03,2.457635807637136872e-12
2.828166780230032939e-03,1.923343921457918111e-12
3.101978590138096837e-03,1.502494397909227198e-12
3.402299765678071415e-03,1.171594761666548467e-12
3.731696837732755619e-03,9.118905010400337638e-13
4.092984818452442136e-03,7.084360154671201609e-13
4.489251258218607613e-03,5.493423701892589390e-13
4.923882631706741689e-03,4.251692414117894809e-13
5.400593278542373601e-03,3.284343032397603595e-13
5.923457145875806254e-03,2.532180746483316194e-13
6.496942604146124095e-03,1.948462137096850609e-13
7.125950633568410228e-03,1.496345488426313090e-13
7.815856707684091381e-03,1.146848534488595332e-13
8.572556731909325087e-03,8.772154131979248314e-14
9.402517429670131932e-03,6.696136823807903456e-14
1.031283160672184784e-02,5.100965148820447667e-14
1.131127876593921409e-02,3.877780051650022632e-14
1.240639159058831882e-02,2.941764266028272224e-14
1.360752886424333036e-02,2.227003991380341722e-14
1.492495545051829124e-02,1.682346826645604546e-14
1.636993001611701873e-02,1.268194066376240446e-14
1.795480124687830539e-02,9.539521806577443854e-15
1.969311337907421466e-02,7.160354056416806555e-15
2.159972194782716973e-02,5.362992919253630563e-15
2.369092074182631985e-02,4.008156987258027354e-15
2.598458104929247253e-02,2.989162972413104308e-15
2.850030438518105086e-02,2.224477592110015418e-15
3.125959000482284034e-02,1.651927013685938528e-15
3.428601863556589996e-02,1.224205955968585869e-15
3.760545399658175858e-02,9.054061232757983173e-16
4.124626382901356442e-02,6.683625020195849126e-16
4.523956232538058064e-02,4.924309067745530897e-16
4.961947603002907908e-02,3.622151595191697349e-16
5.442343548300272033e-02,2.660344628886259560e-16
5.969249509970739331e-02,1.951493036558420583e-16
6.547168402004742427e-02,1.430182905312500611e-16
7.181039092537355728e-02,1.047589923642478942e-16
7.876278611187063905e-02,7.673495084546272300e-17
8.638828442740453806e-02,5.624487800772370964e-17
9.475205302806546936e-02,4.128732609807966517e-17
1.039255682936713054e-01,3.038043932083617660e-17
1.139872266616052537e-01,2.243653059366850622e-17
1.250230145991456099e-01,1.665970611285096614e-17
1.371272434398400908e-01,1.245067916918582793e-17
1.504033553638025045e-01,9.384822666691725111e-18
1.649648074098020722e-01,7.149105629883408486e-18
1.809360410738716507e-01,5.511446269865338709e-18
1.984535457805803316e-01,4.308075543821877176e-18
2.176670253153459023e-01,3.418921049777985664e-18
2.387406771860647037e-01,2.756081732945986607e-18
2.618545958474232660e-01,2.257609092624597059e-18
2.872063117797828413e-01,1.878223210294934245e-18
3.150124795755327445e-01,1.585639720152295666e-18
3.455107294592217881e-01,1.356111734844881432e-18
3.789616980644715527e-01,1.173305883801814129e-18
4.156512558225987641e-01,1.025080762981913367e-18
4.558929499981058675e-01,9.028579573431908002e-19
5.000306842491090142e-01,8.004747045696999923e-19
5.484416576121015074e-01,7.132597942454497958e-19
6.015395880274833074e-01,6.381512244065479035e-19
6.597782479539546774e-01,5.725939214693936613e-19
7.236553422869664853e-01,5.149367358447057433e-19
7.937167617217559812e-01,4.638116583914126450e-19
8.705612479099873457e-01,4.181778362754958818e-19
9.548455102782302806e-01,3.772923653928541655e-19
1.047289838236359572e+00,3.405148282012751517e-19
1.148684256737554810e+00,3.073430655273154621e-19
1.259895277795028523e+00,2.773726638909820564e-19
1.381873305653633421e+00,2.502884663546762224e-19
1.515660758900604366e+00,2.257416100858270496e-19
1.662400978926613426e+00,2.035270973839349499e-19
1.823348000868442176e+00,1.834156853100785718e-19
1.999877270535286966e+00,1.651735195195553692e-19
2.193497398905059903e+00,1.486844042034580976e-19
2.405863054644066690e+00,1.337312771124885177e-19
2.638789104828934473e+00,1.202071514032174765e-19
2.894266124716752042e+00,1.079877967955564344e-19
3.174477409109193626e+00,9.691787173414142252e-20
3.481817630688966325e+00,8.693313168325838417e-20
3.818913304781854201e+00,7.791234970542580547e-20
4.188645235435270564e+00,6.976636257108610974e-20
4.594173134636476696e+00,6.242693044321876730e-20
5.038962625065150469e+00,5.580729907225985346e-20
5.526814857144603188e+00,4.984868906610659574e-20
6.061898993497572441e+00,4.448965788538993369e-20
6.648787838417263174e+00,3.966618344495796675e-20
7.292496916841444410e+00,3.533284560565033890e-20
7.998527336796708020e+00,3.144681995093423222e-20
8.772912801613356848e+00,2.795486771051377127e-20
9.622271173675134293e+00,2.482905391039835079e-20
1.055386103036522805e+01,2.202897740969269156e-20
1.157564369553305639e+01,1.952497651792027448e-20
1.269635127659975282e+01,1.728546348848713899e-20
1.392556128874464783e+01,1.528612014168513030e-20
1.527377850390715608e+01,1.350146263420577571e-20
1.675252472408217130e+01,1.191262742997628006e-20
1.837443724610728424e+01,1.049708877318150104e-20
2.015337685941735302e+01,9.238396106982895929e-21
2.210454629971023621e+01,8.121270900370783691e-21
2.424462017082330689e+01,7.128395840525216260e-21
2.659188744512696445e+01,6.248997537631344157e-21
2.916640776023706394e+01,5.471427948663682302e-21
3.199018284775067045e+01,4.782494486398761986e-21
3.508734455902715155e+01,4.175045867703101023e-21
3.848436109487433043e+01,3.639346607594807752e-21
4.221026320156902756e+01,3.167355285805402452e-21
4.629689226627267828e+01,2.751627453032281295e-21
5.077917243205402542e+01,2.387364094344029015e-21
5.569540905800135988e+01,2.067326669593657620e-21
6.108761607505039848e+01,1.787553024342796254e-21
6.700187503509590670e+01,1.543190540137355067e-21
7.348872892180388305e+01,1.329348716574716997e-21
8.060361408861344046e+01,1.142838562351655949e-21
8.840733401525062618e+01,9.810066658202376685e-22
9.696657893145520291e+01,8.402871584137645601e-22
1.063544957486011242e+02,7.181430636148419823e-22
1.166513131698198436e+02,6.127228367851586061e-22
1.279450273207873465e+02,5.215632017343789199e-22
1.403321537605487492e+02,4.428863423777034052e-22
1.539185522990205470e+02,3.753032273218862669e-22
1.688203316700366088e+02,3.172183391566335299e-22
1.851648417912153946e+02,2.674809744695961658e-22
2.030917620904738783e+02,2.249500017850596319e-22
2.227542951999556351e+02,1.887153118037500266e-22
2.443204762186491621e+02,1.578717594165043758e-22
2.679746087325689246e+02,1.316729412196375872e-22
2.939188398646890050e+02,1.095302989827343529e-22
3.223748878149027064e+02,9.081700877645830017e-23
3.535859366535182744e+02,7.506693412174491884e-23
3.878187145610719426e+02,6.184079060917610205e-23
4.253657732750392029e+02,5.077346581525809776e-23
4.665479882234467937e+02,4.154164742607960781e-23
5.117173007114610073e+02,3.386297543461884074e-23
5.612597255954965476e+02,2.749401686802412309e-23
6.155986501483514530e+02,2.224266458228199417e-23
6.751984523072494540e+02,1.791790792560860590e-23
7.405684692262443605e+02,1.437360028691081993e-23
8.122673500479702398e+02,1.147940347210049905e-23
8.909078300934141907e+02,9.126876521133632180e-24
9.771619672696201633e+02,7.222897441052258138e-24
1.071766885445503476e+03,5.688497343453492377e-24
1.175531073878372354e+03,4.457865884085177932e-24
1.289341296525715734e+03,3.475329503553209798e-24
1.414170170289027055e+03,2.695487786214623064e-24
1.551084476952840532e+03,2.078962982593751347e-24
1.701254279852592617e+03,1.594710842124758596e-24
1.865962923181745964e+03,1.216166014530399591e-24
2.046617999391994090e+03,9.220839395374331079e-25
2.244763378413224018e+03,6.948990390607743554e-25
2.462092401494630394e+03,5.204190868576745894e-25
2.700462352420682237e+03,3.872997154980441342e-25
2.961910329772559635e+03,2.863675661087646360e-25
3.248670655878374873e+03,2.103395422485038044e-25
3.563193971228591181e+03,1.534393409014977839e-25
3.908168177536264011e+03,1.111628105579508357e-25
4.286541408420934204e+03,7.996896925803564308e-26
4.701547224022129740e+03,5.711360560778901336e-26
5.156732244854973942e+03,4.048843627427326847e-26
5.655986461065002004e+03,2.848696227872921140e-26
6.203576476104281937e+03,1.989020319462509640e-26
6.804181968927094204e+03,1.378022083680197959e-26
7.462935686310144774e+03,9.470968353790056026e-27
8.185467307069021444e+03,6.456213872237083954e-27
8.977951553033331948e+03,4.364733824283588105e-27
9.847160957933763711e+03,2.926234956514291456e-27
1.080052374516254167e+04,1.945140020730295584e-27
1.184618730902682364e+04,1.281542213180814086e-27
1.299308784200417176e+04,8.367520754865626704e-28
1.425102670302996557e+04,5.414128217825713497e-28
1.563075417945817389e+04,3.471370373782736251e-28
1.714406135851968429e+04,2.204719083929397714e-28
1.880388089340916486e+04,1.386535347255788248e-28
2.062439752514096836e+04,8.633908175209746573e-29
2.262116930469025829e+04,5.344717795798839702e-29
2.481126055137774893e+04,3.249633750827204381e-29
2.721338768375308791e+04,1.962437511510016614e-29
2.984807916924333404e+04,1.172338970307494685e-29
3.273785095948577509e+04,6.926979715396426246e-30
3.590739891061062372e+04,4.048249529642266357e-30
3.938380983288488642e+04,2.339756152440503666e-30
4.319679297334182047e+04,1.336202696960711745e-30
4.737893390963143611e+04,7.537721263183428181e-31
5.196597302486207627e+04,4.200466677656538676e-31
5.699711094326075545e+04,2.312248353995735820e-31
6.251534353689724230e+04,1.260495550684965277e-31
6.856782936641738343e+04,6.742812758987945753e-32
7.520629269592421770e+04,3.566191866669875447e-32
8.248746552614581014e+04,1.860359285154295372e-32
9.047357242349311127e+04,9.572537750507600235e-33
9.923286228832545748e+04,4.857040081031754782e-33
1.088401916069007711e+05,2.426017313870750588e-33
1.193776641714435682e+05,1.192813485586300638e-33
1.309353327353612112e+05,5.774379692005772388e-34
1.436119685999077337e+05,2.752100094957637086e-34
1.575159057091624418e+05,1.291002144319681789e-34
1.727659664669034246e+05,5.947221317535744735e-35
1.894924771873823483e+05,2.690992809608554471e-35
2.078383818579755607e+05,1.196344756703104506e-35
2.279604637318981986e+05,5.225268975820830312e-36
2.500306851906321244e+05,2.245311851840906998e-36
2.742376573264952167e+05,9.432769874208463238e-37
3.007882518043096061e+05,3.875842152760427833e-37
3.299093687770942342e+05,1.563636230056941614e-37
3.618498759642742807e+05,6.182468786519553304e-38
3.968827354637166136e+05,2.394980487697599094e-38
4.353073364731901092e+05,9.056374242827729499e-39
4.774520538566131145e+05,3.350415572758096565e-39
5.236770544204665930e+05,1.208062036686785752e-39
5.743773748826587107e+05,4.263645881101739804e-40
6.299862978380706627e+05,1.470074590168098901e-40
6.909790545715645421e+05,4.928157501966208342e-41
7.578768863625945523e+05,1.606562942928669837e-41
8.312514989890631987e+05,5.075042159168731526e-42
9.117299484984939918e+05,1.511616833726070054e-42
