9.999999999999999547e-07,1.794167721981714046e-05
1.096816005273138014e-06,1.558398020310511475e-05
1.203005349423324184e-06,1.352537299241585378e-05
1.319475521676705910e-06,1.172930298128040368e-05
1.447221870741134366e-06,1.016351180425136996e-05
1.587336111010208705e-06,8.799552170639012166e-06
1.741015652304015331e-06,7.612355777403565612e-06
1.909573832878096448e-06,6.579847781132394305e-06
2.094451143151468901e-06,5.682603620587114560e-06
2.297227536071151343e-06,4.903543865903378345e-06
2.519635929317013282e-06,4.227662844413374617e-06
2.763577014736157548e-06,3.641787235983152390e-06
3.031135501567576034e-06,3.134361421614897781e-06
3.324597932270938332e-06,2.695256836221223373e-06
3.646472223212744903e-06,2.315602846933548743e-06
3.999509097203669772e-06,1.987636852973315493e-06
4.386725591048494378e-06,1.704571492693834845e-06
4.811430839003264423e-06,1.460477069615108942e-06
5.277254352483532008e-06,1.250177531403513399e-06
5.788177037701280115e-06,1.069158520623086281e-06
6.348565216305222930e-06,9.134861661272992298e-07
6.963207939763891358e-06,7.797354170748892179e-07
7.637357916378026724e-06,6.649268471611566571e-07
8.376776400682923638e-06,5.664709730230765113e-07
9.187782428863339748e-06,4.821192346413807651e-07
1.007730682094461773e-05,4.099208774059308642e-07
1.105295141126022199e-05,3.481850576928497226e-07
1.212305401337652729e-05,2.954475678617889268e-07
1.329675967466212602e-05,2.504416430945030314e-07
1.458409882943986393e-05,2.120723719760812132e-07
1.599607301861487752e-05,1.793942859053629180e-07
1.754474890833459822e-05,1.515917499855960904e-07
1.924336141115980055e-05,1.279618206584394470e-07
2.110642679101555104e-05,1.078769394649251723e-07
2.314986671851160856e-05,9.086308411223754135e-08
2.539114433680346642e-05,7.644881233476913075e-08
2.784941350080644140e-05,6.425009818156109641e-08
3.054568246515432163e-05,5.393764232168995260e-08
3.350299341977229842e-05,4.524212171218998514e-08
3.674661940736687922e-05,3.788390216003141586e-08
4.030428030568051443e-05,3.169492525664857378e-08
4.420637972028530196e-05,2.648626733420535158e-08
4.848626481239078214e-05,2.210766724326072378e-08
5.318051128214196547e-05,1.843110273940598380e-08
5.832923594286212095e-05,1.534762000451957672e-08
6.397643955748424092e-05,1.276459730332337628e-08
7.017038286703836689e-05,1.060338591639884371e-08
7.696399902471150959e-05,8.797278578795668792e-09
8.441534596012993945e-05,7.289761895900064868e-09
9.258810253973946442e-05,6.033014694054242180e-09
1.015521127634568086e-04,4.986619110039599057e-09
1.113839826482619416e-04,4.116455492472026820e-09
1.221677348996791812e-04,3.393755946552361691e-09
1.339955269659338412e-04,2.794294659335198614e-09
1.469684386112446071e-04,2.297696029835757016e-09
1.611973357388157043e-04,1.886844158836113030e-09
1.768038178457208417e-04,1.547379460951190247e-09
1.939212572065831012e-04,1.267270081108150761e-09
2.126959386668691900e-04,1.036447462836383017e-09
2.332883097864158460e-04,8.464968607669780920e-10
2.558743520168589233e-04,6.903948547344478795e-10
2.806470846309838869e-04,5.622870183713667703e-10
3.078182142565079478e-04,4.572998459539781928e-10
3.376199441111339922e-04,3.713818618573152897e-10
3.703069584005140493e-04,3.011695572751695682e-10
4.061585988376979588e-04,2.438744215748239827e-10
4.454812518844988400e-04,1.971878756883173708e-10
4.886109671160326559e-04,1.592013756713250791e-10
5.359163290848514881e-04,1.283393523390766686e-10
5.878016072274911547e-04,1.033030007778846365e-10
6.447102107323868887e-04,8.302322925934068767e-11
7.071284778942996639e-04,6.662133088976852640e-11
7.755898323389001994e-04,5.337615639075320498e-11
8.506793416364161154e-04,4.269675202382174600e-11
9.330387172620369486e-04,3.409958690809809288e-11
1.023371798632520275e-03,2.718962922914724478e-11
1.122450568085306974e-03,2.164464525902332268e-11
1.231121748203890722e-03,1.720219218939562037e-11
1.350314037869873715e-03,1.364885908257358081e-11
1.481046048880675734e-03,1.081138142841925076e-11
1.624435010958867089e-03,8.549314671148892559e-12
1.781706319545730676e-03,6.749002502881658399e-12
1.954204007974053459e-03,5.318618632546756291e-12
2.143402233514856738e-03,4.184097273957841645e-12
2.350917875457286636e-03,3.285798453726253081e-12
2.578524352884273892e-03,2.575779870796957261e-12
2.828166780230032939e-03,2.015568639753369725e-12
3.101978590138096837e-03,1.574344310555700257e-12
3.402299765678071415e-03,1.227459832278993503e-12
3.731696837732755619e-03,9.552397332163263784e-13
4.092984818452442136e-03,7.420052301635839516e-13
4.489251258218607613e-03,5.752848483137532656e-13
4.923882631706741689e-03,4.451763376691973442e-13
5.400593278542373601e-03,3.438318260799815313e-13
5.923457145875806254e-03,2.650431469971064781e-13
6.496942604146124095e-03,2.039084423966147787e-13
7.125950633568410228e-03,1.565646056567101327e-13
7.815856707684091381e-03,1.199729789534140581e-13
8.572556731909325087e-03,9.174799623102704936e-14
9.402517429670131932e-03,7.002046651371647585e-14
1.031283160672184784e-02,5.332868737079451514e-14
1.131127876593921409e-02,4.053192475625848879e-14
1.240639159058831882e-02,3.074151065464441024e-14
1.360752886424333036e-02,2.326695767030963593e-14
1.492495545051829124e-02,1.757250072531603162e-14
1.636993001611701873e-02,1.324346341809222373e-14
1.795480124687830539e-02,9.959532081759339643e-15
1.969311337907421466e-02,7.473813306132685191e-15
2.159972194782716973e-02,5.596412086601581082e-15
2.369092074182631985e-02,4.181591546889866075e-15
2.598458104929247253e-02,3.117748663789682337e-15
2.850030438518105086e-02,2.319609889458864551e-15
3.125959000482284034e-02,1.722164681616956901e-15
3.428601863556589996e-02,1.275961512227329887e-15
3.760545399658175858e-02,9.434723949296944363e-16
4.124626382901356442e-02,6.962811068446712996e-16
4.523956232538058064e-02,5.129230369850364385e-16
4.961947603002907908e-02,3.772207339249008265e-16
5.442343548300272033e-02,2.770126606648953120e-16
5.969249509970739331e-02,2.031773488655960180e-16
6.547168402004742427e-02,1.488894263240938042e-16
7.181039092537355728e-02,1.090562756187898367e-16
7.876278611187063905e-02,7.988488443839742198e-17
8.638828442740453806e-02,5.856000839544096375e-17
9.475205302806546936e-02,4.299544238178136338e-17
1.039255682936713054e-01,3.164724789429989896e-17
1.139872266616052537e-01,2.338249592364831525e-17
1.250230145991456099e-01,1.737240158552123363e-17
1.371272434398400908e-01,1.299314592964387603e-17
1.504033553638025045e-01,9.802794166582800348e-18
1.649648074098020722e-01,7.475666538016830584e-18
1.809360410738716507e-01,5.770374678695890580e-18
1.984535457805803316e-01,4.516610096613990658e-18
2.176670253153459023e-01,3.589533984711983902e-18
2.387406771860647037e-01,2.897795676435820768e-18
2.618545958474232660e-01,2.377003653177513059e-18
2.872063117797828413e-01,1.980109549365197468e-18
3.150124795755327445e-01,1.673574540770841091e-18
3.455107294592217881e-01,1.432717096586104575e-18
3.789616980644715527e-01,1.240574552615772350e-18
4.156512558225987641e-01,1.084524957888088087e-18
4.558929499981058675e-01,9.556520641469390102e-19
5.000306842491090142e-01,8.475493342894014284e-19
5.484416576121015074e-01,7.553514317031880085e-19
6.015395880274833074e-01,6.758726057720605498e-19
6.597782479539546774e-01,6.064470015003936796e-19
7.236553422869664853e-01,5.453514134019952441e-19
7.937167617217559812e-01,4.911555194153030374e-19
8.705612479099873457e-01,4.427679237771703271e-19
9.548455102782302806e-01,3.994090016971006804e-19
1.047289838236359572e+00,3.604052930070242320e-19
1.148684256737554810e+00,3.252267372431065083e-19
1.259895277795028523e+00,2.934465144955665585e-19
1.381873305653633421e+00,2.647308789090400485e-19
1.515660758900604366e+00,2.387101264845277418e-19
1.662400978926613426e+00,2.151667033982365675e-19
1.823348000868442176e+00,1.938568753338309441e-19
1.999877270535286966e+00,1.745325335676767326e-19
2.193497398905059903e+00,1.570694738149220976e-19
2.405863054644066690e+00,1.412373733168471943e-19
2.638789104828934473e+00,1.269220401276677806e-19
2.894266124716752042e+00,1.139912088426684534e-19
3.174477409109193626e+00,1.022800561878285692e-19
3.481817630688966325e+00,9.171972661774439585e-20
3.818913304781854201e+00,8.218161448736336186e-20
4.188645235435270564e+00,7.357083770256304428e-20
4.594173134636476696e+00,6.581476509978461159e-20
5.038962625065150469e+00,5.882130146683033321e-20
5.526814857144603188e+00,5.252792236874151598e-20
6.061898993497572441e+00,4.686934876426939549e-20
6.648787838417263174e+00,4.177768478633122385e-20
7.292496916841444410e+00,3.720467909229006634e-20
7.998527336796708020e+00,3.310479852573867448e-20
8.772912801613356848e+00,2.942174397699884597e-20
9.622271173675134293e+00,2.612572280184603055e-20
1.055386103036522805e+01,2.317398158720252504e-20
1.157564369553305639e+01,2.053505525015227894e-20
1.269635127659975282e+01,1.817550767193202211e-20
1.392556128874464783e+01,1.606956148037092021e-20
1.527377850390715608e+01,1.419025110181924710e-20
1.675252472408217130e+01,1.251757422533034395e-20
1.837443724610728424e+01,1.102773697786212079e-20
2.015337685941735302e+01,9.703320112353668886e-21
2.210454629971023621e+01,8.528153551335988008e-21
2.424462017082330689e+01,7.483967458613061448e-21
2.659188744512696445e+01,6.559353136523620695e-21
2.916640776023706394e+01,5.741997366785318214e-21
3.199018284775067045e+01,5.018004049557622333e-21
3.508734455902715155e+01,4.379788871755669873e-21
3.848436109487433043e+01,3.817089166404346701e-21
4.221026320156902756e+01,3.321429850013892455e-21
4.629689226627267828e+01,2.884960180050073322e-21
5.077917243205402542e+01,2.502602813250234267e-21
5.569540905800135988e+01,2.166747880076932698e-21
6.108761607505039848e+01,1.873208083453229363e-21
6.700187503509590670e+01,1.616874208939510801e-21
7.348872892180388305e+01,1.392607795512739360e-21
8.060361408861344046e+01,1.197046695925826515e-21
8.840733401525062618e+01,1.027391447404654154e-21
9.696657893145520291e+01,8.798995072318815481e-22
1.063544957486011242e+02,7.519019991395303753e-22
1.166513131698198436e+02,6.414474306712120745e-22
1.279450273207873465e+02,5.459519040285957938e-22
1.403321537605487492e+02,4.635475961806754483e-22
1.539185522990205470e+02,3.927730225741829716e-22
1.688203316700366088e+02,3.319549233869824654e-22
1.851648417912153946e+02,2.798844467757066425e-22
2.030917620904738783e+02,2.353646169242885520e-22
2.227542951999556351e+02,1.974400414636677341e-22
2.443204762186491621e+02,1.651618961858558874e-22
2.679746087325689246e+02,1.377476004599362180e-22
2.939188398646890050e+02,1.145797042652070170e-22
3.223748878149027064e+02,9.500175433844874093e-23
3.535859366535182744e+02,7.852514190484395677e-23
3.878187145610719426e+02,6.468977805512924874e-23
4.253657732750392029e+02,5.311324471683058070e-23
4.665479882234467937e+02,4.345703939621208850e-23
5.117173007114610073e+02,3.542558289205069217e-23
5.612597255954965476e+02,2.876411164199461697e-23
6.155986501483514530e+02,2.327152158406902187e-23
6.751984523072494540e+02,1.874804173065572330e-23
7.405684692262443605e+02,1.504075798118915294e-23
8.122673500479702398e+02,1.201334211265124204e-23
8.909078300934141907e+02,9.552381306185392038e-24
9.771619672696201633e+02,7.560496128210983500e-24
1.071766885445503476e+03,5.955112479637289266e-24
1.175531073878372354e+03,4.667417517656908742e-24
1.289341296525715734e+03,3.639204385928718547e-24
1.414170170289027055e+03,2.823003734205166405e-24
1.551084476952840532e+03,2.177644927610465793e-24
1.701254279852592617e+03,1.670668434095584840e-24
1.865962923181745964e+03,1.274296351293110649e-24
2.046617999391994090e+03,9.663129787160878700e-25
2.244763378413224018e+03,7.283475095162700518e-25
2.462092401494630394e+03,5.455551081528590126e-25
2.700462352420682237e+03,4.060683557613789683e-25
2.961910329772559635e+03,3.002890682399140341e-25
3.248670655878374873e+03,2.205954670342993899e-25
3.563193971228591181e+03,1.609412604297907406e-25
3.908168177536264011e+03,1.166109706637884796e-25
4.286541408420934204e+03,8.389648520954026459e-26
4.701547224022129740e+03,5.992337506398425056e-26
5.156732244854973942e+03,4.248279519274372464e-26
5.655986461065002004e+03,2.989121075572630879e-26
6.203576476104281937e+03,2.087088512215859601e-26
6.804181968927094204e+03,1.445939752905881980e-26
7.462935686310144774e+03,9.937286571072771637e-27
8.185467307069021444e+03,6.773557187558371466e-27
8.977951553033331948e+03,4.578756735470030804e-27
9.847160957933763711e+03,3.069268993851939658e-27
1.080052374516254167e+04,2.039844022345418107e-27
1.184618730902682364e+04,1.343639941108694495e-27
1.299308784200417176e+04,8.770696265545335145e-28
1.425102670302996557e+04,5.673311807558485224e-28
1.563075417945817389e+04,3.636334083304102553e-28
1.714406135851968429e+04,2.308630577274281774e-28
1.880388089340916486e+04,1.451289649253330621e-28
2.062439752514096836e+04,9.033105710276713600e-29
2.262116930469025829e+04,5.589174910951037604e-29
2.481126055137774893e+04,3.396527158681885815e-29
2.721338768375308791e+04,2.050040226631396119e-29
2.984807916924333404e+04,1.223978593794399646e-29
3.273785095948577509e+04,7.227841654649833384e-30
3.590739891061062372e+04,4.221510016878914869e-30
3.938380983288488642e+04,2.438373838978368721e-30
4.319679297334182047e+04,1.391635680990384492e-30
4.737893390963143611e+04,7.845365028630375279e-31
5.196597302486207627e+04,4.369069076942907408e-31
5.699711094326075545e+04,2.403500919052371484e-31
6.251534353689724230e+04,1.309398513540665087e-31
6.856782936641738343e+04,6.999944766066711049e-32
7.520629269592421770e+04,3.699874699294896147e-32
8.248746552614581014e+04,1.928921859884974818e-32
9.047357242349311127e+04,9.919464809850731729e-33
9.923286228832545748e+04,5.030197319568115563e-33
1.088401916069007711e+05,2.511135504381288923e-33
1.193776641714435682e+05,1.234023152032228711e-33
1.309353327353612112e+05,5.970937156898034470e-34
1.436119685999077337e+05,2.844460429718440844e-34
1.575159057091624418e+05,1.333747094847941492e-34
1.727659664669034246e+05,6.141655087805411809e-35
1.894924771873823483e+05,2.777935401697102307e-35
2.078383818579755607e+05,1.234573594343610818e-35
2.279604637318981986e+05,5.390543435576376338e-36
2.500306851906321244e+05,2.315665072647754022e-36
2.742376573264952167e+05,9.725820479440465118e-37
3.007882518043096061e+05,3.995328194051484464e-37
3.299093687770942342e+05,1.611505631733322100e-37
3.618498759642742807e+05,6.370554305706993970e-38
3.968827354637166136e+05,2.467432226505540581e-38
4.353073364731901092e+05,9.328993725094122149e-39
4.774520538566131145e+05,3.450833944620573144e-39
5.236770544204665930e+05,1.244131015491548390e-39
5.743773748826587107e+05,4.390514227863690160e-40
6.299862978380706627e+05,1.513687616311110974e-40
6.909790545715645421e+05,5.073988073188993553e-41
7.578768863625945523e+05,1.653997578362500469e-41
8.312514989890631987e+05,5.224595544422896533e-42
9.117299484984939918e+05,1.556087871130402948e-42
