9.999999999999999547e-07,1.883782288693664023e-05
1.096816005273138014e-06,1.636253336195369031e-05
1.203005349423324184e-06,1.420131044056827150e-05
1.319475521676705910e-06,1.231575113957921785e-05
1.447221870741134366e-06,1.067196834150958930e-05
1.587336111010208705e-06,9.240081955582565257e-06
1.741015652304015331e-06,7.993763984905768991e-06
1.909573832878096448e-06,6.909832711112167566e-06
2.094451143151468901e-06,5.967891542363914247e-06
2.297227536071151343e-06,5.150007953556082400e-06
2.519635929317013282e-06,4.440428028195008483e-06
2.763577014736157548e-06,3.825322580019523044e-06
3.031135501567576034e-06,3.292561456814516601e-06
3.324597932270938332e-06,2.831513123069891839e-06
3.646472223212744903e-06,2.432866905024487877e-06
3.999509097203669772e-06,2.088475467225278198e-06
4.386725591048494378e-06,1.791215290582851294e-06
4.811430839003264423e-06,1.534863161040535608e-06
5.277254352483532008e-06,1.313986912671014628e-06
5.788177037701280115e-06,1.123848864389398361e-06
6.348565216305222930e-06,9.603205480604967227e-07
6.963207939763891358e-06,8.198074664076959626e-07
7.637357916378026724e-06,6.991827517399231080e-07
8.376776400682923638e-06,5.957287193056379292e-07
9.187782428863339748e-06,5.070854186475661363e-07
1.007730682094461773e-05,4.312053831846735000e-07
1.105295141126022199e-05,3.663138648809440073e-07
1.212305401337652729e-05,3.108739189022845378e-07
1.329675967466212602e-05,2.635557732272239779e-07
1.458409882943986393e-05,2.232099808128178770e-07
1.599607301861487752e-05,1.888439079063398916e-07
1.754474890833459822e-05,1.596011621473193645e-07
1.924336141115980055e-05,1.347436089342056999e-07
2.110642679101555104e-05,1.136121356436190026e-07
2.314986671851160856e-05,9.570905052858688368e-08
2.539114433680346642e-05,8.053907217899174716e-08
2.784941350080644140e-05,6.769878098992406921e-08
3.054568246515432163e-05,5.684220582620009536e-08
3.350299341977229842e-05,4.768637051590992734e-08
3.674661940736687922e-05,3.993735768147495807e-08
4.030428030568051443e-05,3.341857351540646163e-08
4.420637972028530196e-05,2.793140878758515229e-08
4.848626481239078214e-05,2.331788521474335346e-08
5.318051128214196547e-05,1.944338465666270342e-08
5.832923594286212095e-05,1.619332146626196606e-08
6.397643955748424092e-05,1.347027021057729344e-08
7.017038286703836689e-05,1.119148914229831852e-08
7.696399902471150959e-05,9.286787234572411449e-09
8.441534596012993945e-05,7.696689137938669757e-09
9.258810253973946442e-05,6.370858169799122886e-09
1.015521127634568086e-04,5.266742528378847029e-09
1.113839826482619416e-04,4.348414398354598833e-09
1.221677348996791812e-04,3.585575555042359184e-09
1.339955269659338412e-04,2.952706539408819108e-09
1.469684386112446071e-04,2.428339502373565152e-09
1.611973357388157043e-04,1.994437469503886114e-09
1.768038178457208417e-04,1.635865091395825618e-09
1.939212572065831012e-04,1.339937957246235957e-09
2.126959386668691900e-04,1.096039294873393528e-09
2.332883097864158460e-04,8.952943952147525809e-10
2.558743520168589233e-04,7.302944257475504498e-10
2.806470846309838869e-04,5.948624458022154591e-10
3.078182142565079478e-04,4.838554339206372008e-10
3.376199441111339922e-04,3.929969978904868951e-10
3.703069584005140493e-04,3.187361936969083988e-10
4.061585988376979588e-04,2.581285327491200148e-10
4.454812518844988400e-04,2.087358233856329913e-10
4.886109671160326559e-04,1.685419760792867582e-10
5.359163290848514881e-04,1.358823191849816778e-10
5.878016072274911547e-04,1.093843373565085536e-10
6.447102107323868887e-04,8.791805513711771080e-11
7.071284778942996639e-04,7.055455480992999028e-11
7.755898323389001994e-04,5.653134344923610768e-11
8.506793416364161154e-04,4.522347911961720393e-11
9.330387172620369486e-04,3.611953455006995319e-11
1.023371798632520275e-03,2.880161874735245891e-11
1.122450568085306974e-03,2.292879730039929141e-11
1.231121748203890722e-03,1.822335421122748108e-11
1.350314037869873715e-03,1.445942569860154844e-11
1.481046048880675734e-03,1.145361131305386210e-11
1.624435010958867089e-03,9.057230710359409427e-12
1.781706319545730676e-03,7.149947516305389499e-12
1.954204007974053459e-03,5.634526900217630948e-12
2.143402233514856738e-03,4.432531952646510057e-12
2.350917875457286636e-03,3.480796476871365128e-12
2.578524352884273892e-03,2.728538809353041569e-12
2.828166780230032939e-03,2.135004057744538268e-12
3.101978590138096837e-03,1.667541184988361652e-12
3.402299765678071415e-03,1.300037482105702331e-12
3.731696837732755619e-03,1.011646268421826091e-12
4.092984818452442136e-03,7.857546744781105590e-13
4.489251258218607613e-03,6.091477275458930803e-13
4.923882631706741689e-03,4.713325636371317484e-13
5.400593278542373601e-03,3.639930919684984447e-13
5.923457145875806254e-03,2.805507172279173565e-13
6.496942604146124095e-03,2.158111235445374525e-13
7.125950633568410228e-03,1.656807864768591513e-13
7.815856707684091381e-03,1.269398924712541518e-13
8.572556731909325087e-03,9.706075160907431965e-14
9.402517429670131932e-03,7.406291091023620087e-14
1.031283160672184784e-02,5.639775562790137755e-14
1.131127876593921409e-02,4.285681282185752388e-14
1.240639159058831882e-02,3.249871615617190215e-14
1.360752886424333036e-02,2.459211055620239309e-14
1.492495545051829124e-02,1.856957549398036091e-14
1.636993001611701873e-02,1.399198673076696153e-14
1.795480124687830539e-02,1.052018976551540889e-14
1.969311337907421466e-02,7.892805657811794266e-15
2.159972194782716973e-02,5.908828441201718850e-15
2.369092074182631985e-02,4.414019072691049149e-15
2.598458104929247253e-02,3.290284122051670960e-15
2.850030438518105086e-02,2.447407427706342479e-15
3.125959000482284034e-02,1.816623639998801779e-15
3.428601863556589996e-02,1.345635697522002017e-15
3.760545399658175858e-02,9.947646848084716336e-16
4.124626382901356442e-02,7.339723627985145725e-16
4.523956232538058064e-02,5.405741793146625565e-16
4.961947603002907908e-02,3.974773244118889508e-16
5.442343548300272033e-02,2.918353408412098391e-16
5.969249509970739331e-02,2.140155187119021036e-16
6.547168402004742427e-02,1.568118129984893629e-16
7.181039092537355728e-02,1.148490575881283895e-16
7.876278611187063905e-02,8.412486486997090913e-17
8.638828442740453806e-02,6.166945512982361448e-17
9.475205302806546936e-02,4.528271655282123472e-17
1.039255682936713054e-01,3.333688886302680939e-17
1.139872266616052537e-01,2.463788674112726269e-17
1.250230145991456099e-01,1.831241231484390447e-17
1.371272434398400908e-01,1.370338452884064807e-17
1.504033553638025045e-01,1.034539391953189235e-17
1.649648074098020722e-01,7.895582097044811252e-18
1.809360410738716507e-01,6.099903337424458785e-18
1.984535457805803316e-01,4.779153874114264764e-18
2.176670253153459023e-01,3.802006898504950941e-18
2.387406771860647037e-01,3.072406062368006916e-18
2.618545958474232660e-01,2.522634200418888209e-18
2.872063117797828413e-01,2.103232916382700961e-18
3.150124795755327445e-01,1.778951170455357228e-18
3.455107294592217881e-01,1.523840151004263745e-18
3.789616980644715527e-01,1.320076784536567894e-18
4.156512558225987641e-01,1.154389711286595025e-18
4.558929499981058675e-01,1.017404636509031798e-18
5.000306842491090142e-01,9.023851448895760522e-19
5.484416576121015074e-01,8.042081896565879556e-19
6.015395880274833074e-01,7.195204728029455383e-19
6.597782479539546774e-01,6.455115201164906324e-19
7.236553422869664853e-01,5.803620047615850059e-19
7.937167617217559812e-01,5.225611939562788642e-19
8.705612479099873457e-01,4.709530854897783038e-19
9.548455102782302806e-01,4.247108187555541282e-19
1.047289838236359572e+00,3.831195990228276358e-19
1.148684256737554810e+00,3.456144781103026214e-19
1.259895277795028523e+00,3.117411099528079008e-19
1.381873305653633421e+00,2.811426504106274162e-19
1.515660758900604366e+00,2.534244832579144081e-19
1.662400978926613426e+00,2.283535413025772759e-19
1.823348000868442176e+00,2.056686573492128221e-19
1.999877270535286966e+00,1.851050228140458518e-19
2.193497398905059903e+00,1.665283999315849134e-19
2.405863054644066690e+00,1.496931604643495929e-19
2.638789104828934473e+00,1.344763193238620726e-19
2.894266124716752042e+00,1.207360811009078014e-19
3.174477409109193626e+00,1.082967407821041154e-19
3.481817630688966325e+00,9.708371129901411232e-20
3.818913304781854201e+00,8.695991236969317102e-20
4.188645235435270564e+00,7.782377705627346353e-20
4.594173134636476696e+00,6.959745174749454732e-20
5.038962625065150469e+00,6.218271096742260468e-20
5.526814857144603188e+00,5.551263346339632039e-20
6.061898993497572441e+00,4.951746748636447262e-20
6.648787838417263174e+00,4.412490371154472614e-20
7.292496916841444410e+00,3.928337487909575326e-20
7.998527336796708020e+00,3.494419633273933990e-20
8.772912801613356848e+00,3.104763330475858944e-20
9.622271173675134293e+00,2.756167345035199701e-20
1.055386103036522805e+01,2.444091086566351855e-20
1.157564369553305639e+01,2.165179964582831915e-20
1.269635127659975282e+01,1.915881153280046342e-20
1.392556128874464783e+01,1.693449452295188415e-20
1.527377850390715608e+01,1.495020693989575300e-20
1.675252472408217130e+01,1.318463334356620589e-20
1.837443724610728424e+01,1.161256784819138659e-20
2.015337685941735302e+01,1.021548250849372130e-20
2.210454629971023621e+01,8.976195641140738661e-21
2.424462017082330689e+01,7.875384062615723079e-21
2.659188744512696445e+01,6.900907190093722341e-21
2.916640776023706394e+01,6.039707537140110931e-21
3.199018284775067045e+01,5.277111921877208198e-21
3.508734455902715155e+01,4.605038406534062096e-21
3.848436109487433043e+01,4.012641281826070903e-21
4.221026320156902756e+01,3.490964560907455537e-21
4.629689226627267828e+01,3.031705657053885709e-21
5.077917243205402542e+01,2.629470660302181073e-21
5.569540905800135988e+01,2.276246210897337231e-21
6.108761607505039848e+01,1.967589755460531863e-21
6.700187503509590670e+01,1.698110236734642593e-21
7.348872892180388305e+01,1.462398683439593492e-21
8.060361408861344046e+01,1.256899377591699179e-21
8.840733401525062618e+01,1.078650674501929004e-21
9.696657893145520291e+01,9.237178515790524305e-22
1.063544957486011242e+02,7.892867856274840184e-22
1.166513131698198436e+02,6.732948189502388260e-22
1.279450273207873465e+02,5.730271670276870041e-22
1.403321537605487492e+02,4.865177323648715053e-22
1.539185522990205470e+02,4.122247517520022960e-22
1.688203316700366088e+02,3.483904681421223502e-22
1.851648417912153946e+02,2.937422242384863145e-22
2.030917620904738783e+02,2.470222683586274457e-22
2.227542951999556351e+02,2.072255345718277585e-22
2.443204762186491621e+02,1.733555710004162214e-22
2.679746087325689246e+02,1.445903555273470155e-22
2.939188398646890050e+02,1.202807851744110376e-22
3.223748878149027064e+02,9.973813796794973640e-23
3.535859366535182744e+02,8.244919251600637845e-23
3.878187145610719426e+02,6.793113347327885430e-23
4.253657732750392029e+02,5.578260214215321430e-23
4.665479882234467937e+02,4.564847023113848329e-23
5.117173007114610073e+02,3.721865950503425412e-23
5.612597255954965476e+02,3.022597011511373330e-23
6.155986501483514530e+02,2.445940608741571739e-23
6.751984523072494540e+02,1.970955295109202805e-23
7.405684692262443605e+02,1.581602685564877179e-23
8.122673500479702398e+02,1.263587274266060197e-23
8.909078300934141907e+02,1.005016894926273038e-23
9.771619672696201633e+02,7.956804087701113990e-24
1.071766885445503476e+03,6.269183968259060033e-24
1.175531073878372354e+03,4.915137891135314408e-24
1.289341296525715734e+03,3.833616815533027269e-24
1.414170170289027055e+03,2.974822898202154181e-24
1.551084476952840532e+03,2.295557187868188608e-24
1.701254279852592617e+03,1.761755410687914340e-24
1.865962923181745964e+03,1.344257208696265557e-24
2.046617999391994090e+03,1.019735950503912361e-24
2.244763378413224018e+03,7.688950699398462569e-25
2.462092401494630394e+03,5.761360688024220973e-25
2.700462352420682237e+03,4.289849709820777819e-25
2.961910329772559635e+03,3.173484468943413991e-25
3.248670655878374873e+03,2.332081490394905096e-25
3.563193971228591181e+03,1.702000817028692554e-25
3.908168177536264011e+03,1.233590385663681971e-25
4.286541408420934204e+03,8.877839158919439383e-26
4.701547224022129740e+03,6.342831149979863153e-26
5.156732244854973942e+03,4.497938676425098934e-26
5.655986461065002004e+03,3.165529777397684998e-26
6.203576476104281937e+03,2.210721306440035929e-26
6.804181968927094204e+03,1.531864044914985064e-26
7.462935686310144774e+03,1.052931463617634353e-26
8.185467307069021444e+03,7.177868122632243577e-27
8.977951553033331948e+03,4.852392035670721558e-27
9.847160957933763711e+03,3.252786074258311358e-27
1.080052374516254167e+04,2.161779531423604482e-27
1.184618730902682364e+04,1.423874534962060922e-27
1.299308784200417176e+04,9.293456393749914230e-28
1.425102670302996557e+04,6.010548794264209669e-28
1.563075417945817389e+04,3.851726922729240385e-28
1.714406135851968429e+04,2.444779967142183352e-28
1.880388089340916486e+04,1.536427201174302488e-28
2.062439752514096836e+04,9.559764194047470498e-29
2.262116930469025829e+04,5.912776727990190538e-29
2.481126055137774893e+04,3.591635069064933218e-29
2.721338768375308791e+04,2.166781811517082748e-29
2.984807916924333404e+04,1.293018190218976113e-29
3.273785095948577509e+04,7.631354934828469548e-30
3.590739891061062372e+04,4.454603586224991830e-30
3.938380983288488642e+04,2.571445908262692326e-30
4.319679297334182047e+04,1.466651542776398374e-30
4.737893390963143611e+04,8.262840130752186471e-31
5.196597302486207627e+04,4.598465249192824948e-31
5.699711094326075545e+04,2.527965893795875638e-31
6.251534353689724230e+04,1.376256205809903944e-31
6.856782936641738343e+04,7.352245590477892074e-32
7.520629269592421770e+04,3.883398975186126012e-32
8.248746552614581014e+04,2.023216619222290010e-32
9.047357242349311127e+04,1.039737212944272550e-32
9.923286228832545748e+04,5.269073661414385504e-33
1.088401916069007711e+05,2.628704501988727166e-33
1.193776641714435682e+05,1.291003244345113593e-33
1.309353327353612112e+05,6.242950175486076666e-34
1.436119685999077337e+05,2.972365826923967191e-34
1.575159057091624418e+05,1.392974426239640527e-34
1.727659664669034246e+05,6.411161741505108725e-35
1.894924771873823483e+05,2.898474584565055675e-35
2.078383818579755607e+05,1.287580428069223436e-35
2.279604637318981986e+05,5.619707215360503576e-36
2.500306851906321244e+05,2.413205389204997243e-36
2.742376573264952167e+05,1.013204430996540059e-36
3.007882518043096061e+05,4.160918904280462154e-37
3.299093687770942342e+05,1.677827123410972320e-37
3.618498759642742807e+05,6.631059377266185040e-38
3.968827354637166136e+05,2.567747248713405761e-38
4.353073364731901092e+05,9.706328347039572088e-39
4.774520538566131145e+05,3.589777142481291638e-39
5.236770544204665930e+05,1.294021415447732248e-39
5.743773748826587107e+05,4.565943668369088043e-40
6.299862978380706627e+05,1.573976898927267638e-40
6.909790545715645421e+05,5.275527017808734493e-41
7.578768863625945523e+05,1.719537297100324025e-41
8.312514989890631987e+05,5.431188672564827216e-42
9.117299484984939918e+05,1.617509357532032774e-42
