9.999999999999999547e-07,1.965658703738594237e-05
1.096816005273138014e-06,1.707513879258946665e-05
1.203005349423324184e-06,1.482112395880750377e-05
1.319475521676705910e-06,1.285450455058752080e-05
1.447221870741134366e-06,1.113995283038078986e-05
1.587336111010208705e-06,9.646320027894129026e-06
1.741015652304015331e-06,8.346161442889810992e-06
1.909573832878096448e-06,7.215312904329264987e-06
2.094451143151468901e-06,6.232513914641424499e-06
2.297227536071151343e-06,5.379072690188727962e-06
2.519635929317013282e-06,4.638568396126110569e-06
2.763577014736157548e-06,3.996586365284046965e-06
3.031135501567576034e-06,3.440482744681613351e-06
3.324597932270938332e-06,2.959175531352121172e-06
3.646472223212744903e-06,2.542959260606075437e-06
3.999509097203669772e-06,2.183340805148430689e-06
4.386725591048494378e-06,1.872893954277673474e-06
4.811430839003264423e-06,1.605130692888500765e-06
5.277254352483532008e-06,1.374387345709923371e-06
5.788177037701280115e-06,1.175723956773311540e-06
6.348565216305222930e-06,1.004835440158868566e-06
6.963207939763891358e-06,8.579731852556269321e-07
7.637357916378026724e-06,7.318759384763968416e-07
8.376776400682923638e-06,6.237089117492387433e-07
9.187782428863339748e-06,5.310101826201004991e-07
1.007730682094461773e-05,4.516435519966327863e-07
1.105295141126022199e-05,3.837571160504055117e-07
1.212305401337652729e-05,3.257468902813181275e-07
1.329675967466212602e-05,2.762248968824681935e-07
1.458409882943986393e-05,2.339911919051848282e-07
1.599607301861487752e-05,1.980093671348572448e-07
1.754474890833459822e-05,1.673851137900717014e-07
1.924336141115980055e-05,1.413474819019670039e-07
2.110642679101555104e-05,1.192077987965287529e-07
2.314986671851160856e-05,1.004463316462546740e-07
2.539114433680346642e-05,8.454534082005017956e-08
2.784941350080644140e-05,7.108314993464202804e-08
3.054568246515432163e-05,5.969805605909741024e-08
3.350299341977229842e-05,5.009419412791949876e-08
3.674661940736687922e-05,4.196403436204194113e-08
4.030428030568051443e-05,3.512293754791288967e-08
4.420637972028530196e-05,2.936304772328130599e-08
4.848626481239078214e-05,2.451901826147738850e-08
5.318051128214196547e-05,2.044991855851717518e-08
5.832923594286212095e-05,1.703576064628189109e-08
6.397643955748424092e-05,1.417450053300169316e-08
7.017038286703836689e-05,1.177945217965935016e-08
7.696399902471150959e-05,9.777059756889965000e-09
8.441534596012993945e-05,8.104980640401960377e-09
9.258810253973946442e-05,6.710437588720723056e-09
1.015521127634568086e-04,5.548803836548822420e-09
1.113839826482619416e-04,4.582389495240381433e-09
1.221677348996791812e-04,3.779401752852570535e-09
1.339955269659338412e-04,3.113054974160680979e-09
1.469684386112446071e-04,2.560809951575263687e-09
1.611973357388157043e-04,2.103724320146739010e-09
1.768038178457208417e-04,1.725898559897684584e-09
1.939212572065831012e-04,1.414004104520467334e-09
2.126959386668691900e-04,1.156881894146048209e-09
2.332883097864158460e-04,9.452012879653645750e-10
2.558743520168589233e-04,7.711706349311672730e-10
2.806470846309838869e-04,6.282919976998225008e-10
3.078182142565079478e-04,5.111535646570418159e-10
3.376199441111339922e-04,4.152541819931757449e-10
3.703069584005140493e-04,3.368552260560911020e-10
4.061585988376979588e-04,2.728557174463070617e-10
4.454812518844988400e-04,2.206871697242350418e-10
4.886109671160326559e-04,1.782251701558228152e-10
5.359163290848514881e-04,1.437151256990143720e-10
5.878016072274911547e-04,1.157099890849367475e-10
6.447102107323868887e-04,9.301810397378809065e-11
7.071284778942996639e-04,7.465958683376433435e-11
7.755898323389001994e-04,5.982989925359615491e-11
8.506793416364161154e-04,4.786946832883809324e-11
9.330387172620369486e-04,3.823838890492591141e-11
1.023371798632520275e-03,3.049539017562689655e-11
1.122450568085306974e-03,2.428037504338480153e-11
1.231121748203890722e-03,1.929994753943450379e-11
1.350314037869873715e-03,1.531543536328123308e-11
1.481046048880675734e-03,1.213299308018340224e-11
1.624435010958867089e-03,9.595437559882755671e-12
1.781706319545730676e-03,7.575522903606536626e-12
1.954204007974053459e-03,5.970409507372436553e-12
2.143402233514856738e-03,4.697122285899633909e-12
2.350917875457286636e-03,3.688827222046716976e-12
2.578524352884273892e-03,2.891783760707610052e-12
2.828166780230032939e-03,2.262854496723202732e-12
3.101978590138096837e-03,1.767473612524896809e-12
3.402299765678071415e-03,1.377992467404418956e-12
3.731696837732755619e-03,1.072334721756044658e-12
4.092984818452442136e-03,8.329049695818525430e-13
4.489251258218607613e-03,6.457047121068914605e-13
4.923882631706741689e-03,4.996175086591422487e-13
5.400593278542373601e-03,3.858319918352065557e-13
5.923457145875806254e-03,2.973769960789803012e-13
6.496942604146124095e-03,2.287476852113566283e-13
7.125950633568410228e-03,1.756054269434185465e-13
7.815856707684091381e-03,1.345373406733742178e-13
8.572556731909325087e-03,1.028639832374749120e-13
9.402517429670131932e-03,7.848587810736562189e-14
1.031283160672184784e-02,5.976126065617353177e-14
1.131127876593921409e-02,4.540886271523803360e-14
1.240639159058831882e-02,3.443080101390126182e-14
1.360752886424333036e-02,2.605149714122797749e-14
1.492495545051829124e-02,1.966940666196266944e-14
1.636993001611701873e-02,1.481895649163991279e-14
1.795480124687830539e-02,1.114057117950491414e-14
1.969311337907421466e-02,8.357142169913971913e-15
2.159972194782716973e-02,6.255575868961698644e-15
2.369092074182631985e-02,4.672366593399590998e-15
2.598458104929247253e-02,3.482333872894616643e-15
2.850030438518105086e-02,2.589854662346534227e-15
3.125959000482284034e-02,1.922048212020186073e-15
3.428601863556589996e-02,1.423494439795980033e-15
3.760545399658175858e-02,1.052147436325921962e-15
4.124626382901356442e-02,7.761820761241557250e-16
4.523956232538058064e-02,5.715671675977582604e-16
4.961947603002907908e-02,4.201977030037646255e-16
5.442343548300272033e-02,3.084685072078358321e-16
5.969249509970739331e-02,2.261795652860804453e-16
6.547168402004742427e-02,1.657016967792426406e-16
7.181039092537355728e-02,1.213451251727302951e-16
7.876278611187063905e-02,8.887395875550092891e-17
8.638828442740453806e-02,6.514577075848532887e-17
9.475205302806546936e-02,4.783299833791009623e-17
1.039255682936713054e-01,3.521393742672391505e-17
1.139872266616052537e-01,2.602586425173769461e-17
1.250230145991456099e-01,1.934545250808910462e-17
1.371272434398400908e-01,1.447815880454108055e-17
1.504033553638025045e-01,1.093211984096275881e-17
1.649648074098020722e-01,8.345086516946334652e-18
1.809360410738716507e-01,6.448702509889133101e-18
1.984535457805803316e-01,5.053702410114703870e-18
2.176670253153459023e-01,4.021413671041314114e-18
2.387406771860647037e-01,3.250437860939293396e-18
2.618545958474232660e-01,2.669290179828879087e-18
2.872063117797828413e-01,2.225777529031904339e-18
3.150124795755327445e-01,1.882701417838531694e-18
3.455107294592217881e-01,1.612682101550211491e-18
3.789616980644715527e-01,1.396914633920463424e-18
4.156512558225987641e-01,1.221396177906685007e-18
4.558929499981058675e-01,1.076233897602837788e-18
5.000306842491090142e-01,9.543181996521523347e-19
5.484416576121015074e-01,8.502409403657304631e-19
6.015395880274833074e-01,7.604583963275048823e-19
6.597782479539546774e-01,6.820028196822876165e-19
7.236553422869664853e-01,6.129472635198358816e-19
7.937167617217559812e-01,5.516942707883549638e-19
8.705612479099873457e-01,4.970190148815468591e-19
9.548455102782302806e-01,4.480437016561700890e-19
1.047289838236359572e+00,4.040104208488023365e-19
1.148684256737554810e+00,3.643179605533079748e-19
1.259895277795028523e+00,3.284838608597813256e-19
1.381873305653633421e+00,2.961273135087302786e-19
1.515660758900604366e+00,2.668293661247775354e-19
1.662400978926613426e+00,2.403408159704987425e-19
1.823348000868442176e+00,2.163832792834813334e-19
1.999877270535286966e+00,1.946760351466097025e-19
2.193497398905059903e+00,1.750742404851189624e-19
2.405863054644066690e+00,1.573180738678281138e-19
2.638789104828934473e+00,1.412755928600192932e-19
2.894266124716752042e+00,1.267957387921404379e-19
3.174477409109193626e+00,1.136927931071477998e-19
3.481817630688966325e+00,1.018861802560818439e-19
3.818913304781854201e+00,9.123098544175521328e-20
4.188645235435270564e+00,8.161931863411120924e-20
4.594173134636476696e+00,7.296819033168629374e-20
5.038962625065150469e+00,6.517374055713971668e-20
5.526814857144603188e+00,5.816483310824210202e-20
6.061898993497572441e+00,5.186747572496952941e-20
6.648787838417263174e+00,4.620534667291831902e-20
7.292496916841444410e+00,4.112370057943468055e-20
7.998527336796708020e+00,3.657089393500877392e-20
8.772912801613356848e+00,3.248412007883396598e-20
9.622271173675134293e+00,2.882919433869358113e-20
1.055386103036522805e+01,2.555832817991508110e-20
1.157564369553305639e+01,2.263603580269701452e-20
1.269635127659975282e+01,2.002489851909947721e-20
1.392556128874464783e+01,1.769591721233563223e-20
1.527377850390715608e+01,1.561893477969930521e-20
1.675252472408217130e+01,1.377141545751606098e-20
1.837443724610728424e+01,1.212690751265437184e-20
2.015337685941735302e+01,1.066586224731170473e-20
2.210454629971023621e+01,9.370180863708924749e-21
2.424462017082330689e+01,8.219620292537437540e-21
2.659188744512696445e+01,7.201357393603447447e-21
2.916640776023706394e+01,6.301676792031585116e-21
3.199018284775067045e+01,5.505222173821986597e-21
3.508734455902715155e+01,4.803454717158000534e-21
3.848436109487433043e+01,4.185018238780635038e-21
4.221026320156902756e+01,3.640531994975723974e-21
4.629689226627267828e+01,3.161294978607598761e-21
5.077917243205402542e+01,2.741625825362528851e-21
5.569540905800135988e+01,2.373165296407158796e-21
6.108761607505039848e+01,2.051239638918705175e-21
6.700187503509590670e+01,1.770213456769709292e-21
7.348872892180388305e+01,1.524443404857039536e-21
8.060361408861344046e+01,1.310201578648473307e-21
8.840733401525062618e+01,1.124384223627982065e-21
9.696657893145520291e+01,9.628903532090033417e-22
1.063544957486011242e+02,8.227789259915755732e-22
1.166513131698198436e+02,7.018893764121031302e-22
1.279450273207873465e+02,5.973939406206243148e-22
1.403321537605487492e+02,5.072414836204346818e-22
1.539185522990205470e+02,4.298195626573679354e-22
1.688203316700366088e+02,3.632972699491107759e-22
1.851648417912153946e+02,3.063462987345350430e-22
2.030917620904738783e+02,2.576562564070586812e-22
2.227542951999556351e+02,2.161786687984365929e-22
2.443204762186491621e+02,1.808755775815197767e-22
2.679746087325689246e+02,1.508906431754644463e-22
2.939188398646890050e+02,1.255470978743197307e-22
3.223748878149027064e+02,1.041280355742311575e-22
3.535859366535182744e+02,8.609865156444204376e-23
3.878187145610719426e+02,7.095620383209127760e-23
4.253657732750392029e+02,5.828268341888729869e-23
4.665479882234467937e+02,4.770831678699607973e-23
5.117173007114610073e+02,3.891020502789629001e-23
5.612597255954965476e+02,3.161012559326000897e-23
6.155986501483514530e+02,2.558830731371481230e-23
6.751984523072494540e+02,2.062672184738365042e-23
7.405684692262443605e+02,1.655830408922956024e-23
8.122673500479702398e+02,1.323414149891232261e-23
8.909078300934141907e+02,1.053034661239401477e-23
9.771619672696201633e+02,8.340521184357655595e-24
1.071766885445503476e+03,6.574411478557342712e-24
1.175531073878372354e+03,5.156777362386471356e-24
1.289341296525715734e+03,4.023958831265905318e-24
1.414170170289027055e+03,3.124010746595845032e-24
1.551084476952840532e+03,2.411850288850297200e-24
1.701254279852592617e+03,1.851918784283757920e-24
1.865962923181745964e+03,1.413759506341370493e-24
2.046617999391994090e+03,1.072999930484212831e-24
2.244763378413224018e+03,8.094668439579203533e-25
2.462092401494630394e+03,6.068444697459366517e-25
2.700462352420682237e+03,4.520788742720046501e-25
2.961910329772559635e+03,3.346007216404599314e-25
3.248670655878374873e+03,2.460085620591986255e-25
3.563193971228591181e+03,1.796299148263304338e-25
3.908168177536264011e+03,1.302560287496349858e-25
4.286541408420934204e+03,9.378568460682357694e-26
4.701547224022129740e+03,6.703601169128022772e-26
5.156732244854973942e+03,4.755831713549644801e-26
5.655986461065002004e+03,3.348407277012389351e-26
6.203576476104281937e+03,2.339347463622699488e-26
6.804181968927094204e+03,1.621581100169164936e-26
7.462935686310144774e+03,1.114971810081913862e-26
8.185467307069021444e+03,7.603104504396298372e-27
8.977951553033331948e+03,5.141247024108287709e-27
9.847160957933763711e+03,3.447226409468753838e-27
1.080052374516254167e+04,2.291453087432738173e-27
1.184618730902682364e+04,1.509519812758968139e-27
1.299308784200417176e+04,9.853565132860051716e-28
1.425102670302996557e+04,6.373241441737182553e-28
1.563075417945817389e+04,4.084253172462025489e-28
1.714406135851968429e+04,2.592315135570339500e-28
1.880388089340916486e+04,1.629033223175392754e-28
2.062439752514096836e+04,1.013478128328335921e-28
2.262116930469025829e+04,6.267410477051617222e-29
2.481126055137774893e+04,3.806253043929809244e-29
2.721338768375308791e+04,2.295670746187758805e-29
2.984807916924333404e+04,1.369518851818528381e-29
3.273785095948577509e+04,8.080074968727934882e-30
3.590739891061062372e+04,4.714720327139046163e-30
3.938380983288488642e+04,2.720454416019637763e-30
4.319679297334182047e+04,1.550930710351507887e-30
4.737893390963143611e+04,8.733373611660976926e-31
5.196597302486207627e+04,4.857814664538757045e-31
5.699711094326075545e+04,2.669098857458900458e-31
6.251534353689724230e+04,1.452280402665034919e-31
6.856782936641738343e+04,7.753910868555790380e-32
7.520629269592421770e+04,4.093155109595169225e-32
8.248746552614581014e+04,2.131236041703737192e-32
9.047357242349311127e+04,1.094599391633744757e-32
9.923286228832545748e+04,5.543823849748488178e-33
1.088401916069007711e+05,2.764161382451327991e-33
1.193776641714435682e+05,1.356751712796536641e-33
1.309353327353612112e+05,6.557234569741185446e-34
1.436119685999077337e+05,3.120315010704810902e-34
1.575159057091624418e+05,1.461548331363769466e-34
1.727659664669034246e+05,6.723434858287192067e-35
1.894924771873823483e+05,3.038223098264691670e-35
2.078383818579755607e+05,1.349061254750648474e-35
2.279604637318981986e+05,5.885586494280697100e-36
2.500306851906321244e+05,2.526393509668199074e-36
2.742376573264952167e+05,1.060346407487763998e-36
3.007882518043096061e+05,4.353079096265890830e-37
3.299093687770942342e+05,1.754781846523167533e-37
3.618498759642742807e+05,6.933281066320852570e-38
3.968827354637166136e+05,2.684102037527850000e-38
4.353073364731901092e+05,1.014388864486091349e-38
4.774520538566131145e+05,3.750854064739976507e-39
5.236770544204665930e+05,1.351843574344278001e-39
5.743773748826587107e+05,4.769207964697303269e-40
6.299862978380706627e+05,1.643813440622493961e-40
6.909790545715645421e+05,5.508922141716105383e-41
7.578768863625945523e+05,1.795418780198090336e-41
8.312514989890631987e+05,5.670330152301821886e-42
9.117299484984939918e+05,1.688594402836220883e-42
