9.999999999999999547e-07,1.827479154452349745e-05
1.096816005273138014e-06,1.587324959179094912e-05
1.203005349423324184e-06,1.377639671075216617e-05
1.319475521676705910e-06,1.194698704859563076e-05
1.447221870741134366e-06,1.035215212743666523e-05
1.587336111010208705e-06,8.962908047656543975e-06
1.741015652304015331e-06,7.753714829260186802e-06
1.909573832878096448e-06,6.702083270984484631e-06
2.094451143151468901e-06,5.788225026956067958e-06
2.297227536071151343e-06,4.994741484552459386e-06
2.519635929317013282e-06,4.306347103459861854e-06
2.763577014736157548e-06,3.709623328415522967e-06
3.031135501567576034e-06,3.192799791509153555e-06
3.324597932270938332e-06,2.745559997178043432e-06
3.646472223212744903e-06,2.358868959611761216e-06
3.999509097203669772e-06,2.024820441016773800e-06
4.386725591048494378e-06,1.736501632976929482e-06
4.811430839003264423e-06,1.487873354192928997e-06
5.277254352483532008e-06,1.273664064717047545e-06
5.788177037701280115e-06,1.089276185606184213e-06
6.348565216305222930e-06,9.307033661584713645e-07
6.963207939763891358e-06,7.944574768296797677e-07
7.637357916378026724e-06,6.775042341583297062e-07
8.376776400682923638e-06,5.772064828059774343e-07
9.187782428863339748e-06,4.912742658235449262e-07
1.007730682094461773e-05,4.177209079789873055e-07
1.105295141126022199e-05,3.548244208359657104e-07
1.212305401337652729e-05,3.010936138296670597e-07
1.329675967466212602e-05,2.552383634340351327e-07
1.458409882943986393e-05,2.161435531816960576e-07
1.599607301861487752e-05,1.828462515379076963e-07
1.754474890833459822e-05,1.545157431312777185e-07
1.924336141115980055e-05,1.304360722907171797e-07
2.110642679101555104e-05,1.099680290820238070e-07
2.314986671851160856e-05,9.262883498170059316e-08
2.539114433680346642e-05,7.793825970193300650e-08
2.784941350080644140e-05,6.550512617754486585e-08
3.054568246515432163e-05,5.499399195666490113e-08
3.350299341977229842e-05,4.613050387653771375e-08
3.674661940736687922e-05,3.862978042604479269e-08
4.030428030568051443e-05,3.232061727905943390e-08
4.420637972028530196e-05,2.701053449730460714e-08
4.848626481239078214e-05,2.254643759153676382e-08
5.318051128214196547e-05,1.879788440019184984e-08
5.832923594286212095e-05,1.565385639151522097e-08
6.397643955748424092e-05,1.301997200508190929e-08
7.017038286703836689e-05,1.081608414102252301e-08
7.696399902471150959e-05,8.974211122895414002e-09
8.441534596012993945e-05,7.436756816684582940e-09
9.258810253973946442e-05,6.154981173977247152e-09
1.015521127634568086e-04,5.087687402104862226e-09
1.113839826482619416e-04,4.200096310302822866e-09
1.221677348996791812e-04,3.462882207270464100e-09
1.339955269659338412e-04,2.851348090994750916e-09
1.469684386112446071e-04,2.344720810883654130e-09
1.611973357388157043e-04,1.925549458437562847e-09
1.768038178457208417e-04,1.579192490167722998e-09
1.939212572065831012e-04,1.293381040640068238e-09
2.126959386668691900e-04,1.057847578794846854e-09
2.332883097864158460e-04,8.640105317032674318e-10
2.558743520168589233e-04,7.047067877827597490e-10
2.806470846309838869e-04,5.739651067252534418e-10
3.078182142565079478e-04,4.668144314738827712e-10
3.376199441111339922e-04,3.791219329989360159e-10
3.703069584005140493e-04,3.074563520176100595e-10
4.061585988376979588e-04,2.489728357892259301e-10
4.454812518844988400e-04,2.013160180026291915e-10
4.886109671160326559e-04,1.625385588969268498e-10
5.359163290848514881e-04,1.310327677968375209e-10
5.878016072274911547e-04,1.054732845511998219e-10
6.447102107323868887e-04,8.476909749953973308e-11
7.071284778942996639e-04,6.802343410328636578e-11
7.755898323389001994e-04,5.450027941598478606e-11
8.506793416364161154e-04,4.359646663688349801e-11
9.330387172620369486e-04,3.481844722059320190e-11
1.023371798632520275e-03,2.776298579384425862e-11
1.122450568085306974e-03,2.210114170387331830e-11
1.231121748203890722e-03,1.756499793759282719e-11
1.350314037869873715e-03,1.393668303084075267e-11
1.481046048880675734e-03,1.103930412664023734e-11
1.624435010958867089e-03,8.729470362100947725e-12
1.781706319545730676e-03,6.891137164992332380e-12
1.954204007974053459e-03,5.430545781633587951e-12
2.143402233514856738e-03,4.272069600881695533e-12
2.350917875457286636e-03,3.354810299044873865e-12
2.578524352884273892e-03,2.629812961736155425e-12
2.828166780230032939e-03,2.057791365239897887e-12
3.101978590138096837e-03,1.607273016182975228e-12
3.402299765678071415e-03,1.253089127545975052e-12
3.731696837732755619e-03,9.751475645196232077e-13
4.092984818452442136e-03,7.574374427870214030e-13
4.489251258218607613e-03,5.872231099164634964e-13
4.923882631706741689e-03,4.543925894924992449e-13
5.400593278542373601e-03,3.509318474728719053e-13
5.923457145875806254e-03,2.705013398250970868e-13
6.496942604146124095e-03,2.080955480512193988e-13
7.125950633568410228e-03,1.597697449171163905e-13
7.815856707684091381e-03,1.224211413220380759e-13
8.572556731909325087e-03,9.361388844644058092e-14
9.402517429670131932e-03,7.143945538430069599e-14
1.031283160672184784e-02,5.440542807385507782e-14
1.131127876593921409e-02,4.134715061004257527e-14
1.240639159058831882e-02,3.135735597935123244e-14
1.360752886424333036e-02,2.373114199851102162e-14
1.492495545051829124e-02,1.792158487482698104e-14
1.636993001611701873e-02,1.350539542988934308e-14
1.795480124687830539e-02,1.015562652299936547e-14
1.969311337907421466e-02,7.620287749979368359e-15
2.159972194782716973e-02,5.705576856166993972e-15
2.369092074182631985e-02,4.262768900862526949e-15
2.598458104929247253e-02,3.177981178665032192e-15
2.850030438518105086e-02,2.364205130852581049e-15
3.125959000482284034e-02,1.755112935844823191e-15
3.428601863556589996e-02,1.300255363823680000e-15
3.760545399658175858e-02,9.613507084804332149e-16
4.124626382901356442e-02,7.094146919860590603e-16
4.523956232538058064e-02,5.225557062300104019e-16
4.961947603002907908e-02,3.842760906948931928e-16
5.442343548300272033e-02,2.821748459086838213e-16
5.969249509970739331e-02,2.069518612548758264e-16
6.547168402004742427e-02,1.516488184230553156e-16
7.181039092537355728e-02,1.110744771996767887e-16
7.876278611187063905e-02,8.136278018003022146e-17
8.638828442740453806e-02,5.964459988262651143e-17
9.475205302806546936e-02,4.379403355885643257e-17
1.039255682936713054e-01,3.223794516595702707e-17
1.139872266616052537e-01,2.382211253669358749e-17
1.250230145991456099e-01,1.770225910157897038e-17
1.371272434398400908e-01,1.324299763721861201e-17
1.504033553638025045e-01,9.994230242596540219e-18
1.649648074098020722e-01,7.624306448861992679e-18
1.809360410738716507e-01,5.887440903027161615e-18
1.984535457805803316e-01,4.610235291722103381e-18
2.176670253153459023e-01,3.665597810667184510e-18
2.387406771860647037e-01,2.960545012967803377e-18
2.618545958474232660e-01,2.429530651616767379e-18
2.872063117797828413e-01,2.024669921519542400e-18
3.150124795755327445e-01,1.711830116331197248e-18
3.455107294592217881e-01,1.465889142570714123e-18
3.789616980644715527e-01,1.269586132961700985e-18
4.156512558225987641e-01,1.110073145959945076e-18
4.558929499981058675e-01,9.782747431858272305e-19
5.000306842491090142e-01,8.676696813009535138e-19
5.484416576121015074e-01,7.733024002510145022e-19
6.015395880274833074e-01,6.919289272428071740e-19
6.597782479539546774e-01,6.208324847669734554e-19
7.236553422869664853e-01,5.582562995382488986e-19
7.937167617217559812e-01,5.027416322883989822e-19
8.705612479099873457e-01,4.531741776169221735e-19
9.548455102782302806e-01,4.087576067235286316e-19
1.047289838236359572e+00,3.688036929710277546e-19
1.148684256737554810e+00,3.327699095012535122e-19
1.259895277795028523e+00,3.002195388203476339e-19
1.381873305653633421e+00,2.708105670038979937e-19
1.515660758900604366e+00,2.441642349491673115e-19
1.662400978926613426e+00,2.200574286056374124e-19
1.823348000868442176e+00,1.982400941811659357e-19
1.999877270535286966e+00,1.784580076842090443e-19
2.193497398905059903e+00,1.605833876483853126e-19
2.405863054644066690e+00,1.443802721562263701e-19
2.638789104828934473e+00,1.297313022825847191e-19
2.894266124716752042e+00,1.165007403403624039e-19
3.174477409109193626e+00,1.045197451715025675e-19
3.481817630688966325e+00,9.371741160088743697e-20
3.818913304781854201e+00,8.396200666842398865e-20
4.188645235435270564e+00,7.515619768108936608e-20
4.594173134636476696e+00,6.722545394858554279e-20
5.038962625065150469e+00,6.007541666866918183e-20
5.526814857144603188e+00,5.364195323270270083e-20
6.061898993497572441e+00,4.785814412357846784e-20
6.648787838417263174e+00,4.265445908708207580e-20
7.292496916841444410e+00,3.798143319466476495e-20
7.998527336796708020e+00,3.379237584123512522e-20
8.772912801613356848e+00,3.002970883708571070e-20
9.622271173675134293e+00,2.666283292503782334e-20
1.055386103036522805e+01,2.364800874393678909e-20
1.157564369553305639e+01,2.095300483967398077e-20
1.269635127659975282e+01,1.854360860003477377e-20
1.392556128874464783e+01,1.639342454917027297e-20
1.527377850390715608e+01,1.447486493247814628e-20
1.675252472408217130e+01,1.276744358866541091e-20
1.837443724610728424e+01,1.124683936814894066e-20
2.015337685941735302e+01,9.895223258077470900e-21
2.210454629971023621e+01,8.696050121634185284e-21
2.424462017082330689e+01,7.630655631285104911e-21
2.659188744512696445e+01,6.687361442328887194e-21
2.916640776023706394e+01,5.853576753232608295e-21
3.199018284775067045e+01,5.115114500168572237e-21
3.508734455902715155e+01,4.464206669223502418e-21
3.848436109487433043e+01,3.890372288208741074e-21
4.221026320156902756e+01,3.384956468937852109e-21
4.629689226627267828e+01,2.939939638656003639e-21
5.077917243205402542e+01,2.550127162456506728e-21
5.569540905800135988e+01,2.207757112456600720e-21
6.108761607505039848e+01,1.908547517297497003e-21
6.700187503509590670e+01,1.647283352279147115e-21
7.348872892180388305e+01,1.418724411846073811e-21
8.060361408861344046e+01,1.219436374726567156e-21
8.840733401525062618e+01,1.046559118516892496e-21
9.696657893145520291e+01,8.962777544056701605e-22
1.063544957486011242e+02,7.658689496315757553e-22
1.166513131698198436e+02,6.533396696863961046e-22
1.279450273207873465e+02,5.560567022256959711e-22
1.403321537605487492e+02,4.721152645378316833e-22
1.539185522990205470e+02,4.000238409740024041e-22
1.688203316700366088e+02,3.380773569820299367e-22
1.851648417912153946e+02,2.850430114480943718e-22
2.030917620904738783e+02,2.397009535103766035e-22
2.227542951999556351e+02,2.010771474351927858e-22
2.443204762186491621e+02,1.682048613415281162e-22
2.679746087325689246e+02,1.402866818001989290e-22
2.939188398646890050e+02,1.166932748232452186e-22
3.223748878149027064e+02,9.675605256751621863e-23
3.535859366535182744e+02,7.997716746295153680e-23
3.878187145610719426e+02,6.588799384463103265e-23
4.253657732750392029e+02,5.409900408088123587e-23
4.665479882234467937e+02,4.426545620836059067e-23
5.117173007114610073e+02,3.608633445739588690e-23
5.612597255954965476e+02,2.930221398572833503e-23
6.155986501483514530e+02,2.370828494500401908e-23
6.751984523072494540e+02,1.910116716454936563e-23
7.405684692262443605e+02,1.532515305712828237e-23
8.122673500479702398e+02,1.224143877273485775e-23
8.909078300934141907e+02,9.734554837198634107e-24
9.771619672696201633e+02,7.705357416300931623e-24
1.071766885445503476e+03,6.069775350309460836e-24
1.175531073878372354e+03,4.757746752252616777e-24
1.289341296525715734e+03,3.710008902270099862e-24
1.414170170289027055e+03,2.878228401119218616e-24
1.551084476952840532e+03,2.220483455967049003e-24
1.701254279852592617e+03,1.703720715665205634e-24
1.865962923181745964e+03,1.299651761402267731e-24
2.046617999391994090e+03,9.856511400688812906e-25
2.244763378413224018e+03,7.430072052591059363e-25
2.462092401494630394e+03,5.565980835925743464e-25
2.700462352420682237e+03,4.143337198047421100e-25
2.961910329772559635e+03,3.064345074990318956e-25
3.248670655878374873e+03,2.251335963401516186e-25
3.563193971228591181e+03,1.642686701237904322e-25
3.908168177536264011e+03,1.190331832133461756e-25
4.286541408420934204e+03,8.564675617781827602e-26
4.701547224022129740e+03,6.117847825476159892e-26
5.156732244854973942e+03,4.337575145801533186e-26
5.655986461065002004e+03,3.052142138167692290e-26
6.203576476104281937e+03,2.131203053349930981e-26
6.804181968927094204e+03,1.476562589894912377e-26
7.462935686310144774e+03,1.014802887567601529e-26
8.185467307069021444e+03,6.917305653889990405e-27
8.977951553033331948e+03,4.675927689979511355e-27
9.847160957933763711e+03,3.134359220036239278e-27
1.080052374516254167e+04,2.083039941108537785e-27
1.184618730902682364e+04,1.372028654003889662e-27
1.299308784200417176e+04,8.955434468911911884e-28
1.425102670302996557e+04,5.792342480826644035e-28
1.563075417945817389e+04,3.712265958198906182e-28
1.714406135851968429e+04,2.356568367562337200e-28
1.880388089340916486e+04,1.481229814338794150e-28
2.062439752514096836e+04,9.218090160142030741e-29
2.262116930469025829e+04,5.702701141640861718e-29
2.481126055137774893e+04,3.464892912623405112e-29
2.721338768375308791e+04,2.090898150344453449e-29
2.984807916924333404e+04,1.248113420750107892e-29
3.273785095948577509e+04,7.368740886022040637e-30
3.590739891061062372e+04,4.302811198900002087e-30
3.938380983288488642e+04,2.484737904760129207e-30
4.319679297334182047e+04,1.417744743671331219e-30
4.737893390963143611e+04,7.990519441590427421e-31
5.196597302486207627e+04,4.448752190049549180e-31
5.699711094326075545e+04,2.446695351488199317e-31
6.251534353689724230e+04,1.332580705045291849e-31
6.856782936641738343e+04,7.122002037537649055e-32
7.520629269592421770e+04,3.763410429154614287e-32
8.248746552614581014e+04,1.961544061745098234e-32
9.047357242349311127e+04,1.008469803885636838e-32
9.923286228832545748e+04,5.112740653143142663e-33
1.088401916069007711e+05,2.551741304270156870e-33
1.193776641714435682e+05,1.253694525289437512e-33
1.309353327353612112e+05,6.064811135079583936e-34
1.436119685999077337e+05,2.888588475729507612e-34
1.575159057091624418e+05,1.354175924921448093e-34
1.727659664669034246e+05,6.234597391546622780e-35
1.894924771873823483e+05,2.819499486059014023e-35
2.078383818579755607e+05,1.252849878826976859e-35
2.279604637318981986e+05,5.469554098528101132e-36
2.500306851906321244e+05,2.349294781138906137e-36
2.742376573264952167e+05,9.865881926566321310e-37
3.007882518043096061e+05,4.052425365716426964e-37
3.299093687770942342e+05,1.634375649948732284e-37
3.618498759642742807e+05,6.460393969526602108e-38
3.968827354637166136e+05,2.502031100576610061e-38
4.353073364731901092e+05,9.459151336805386232e-39
4.774520538566131145e+05,3.498766190792597894e-39
5.236770544204665930e+05,1.261343931215996618e-39
5.743773748826587107e+05,4.451046267892270589e-40
6.299862978380706627e+05,1.534492535404335099e-40
6.909790545715645421e+05,5.143542458630420887e-41
7.578768863625945523e+05,1.676618273563506991e-41
8.312514989890631987e+05,5.295905336986588649e-42
9.117299484984939918e+05,1.577290086421503293e-42
