9.999999999999999547e-07,1.610629561028378761e-05
1.096816005273138014e-06,1.399207905121098889e-05
1.203005349423324184e-06,1.214566145032729708e-05
1.319475521676705910e-06,1.053438045404541698e-05
1.447221870741134366e-06,9.129400813045473475e-06
1.587336111010208705e-06,7.905285213460079474e-06
1.741015652304015331e-06,6.839610287860247787e-06
1.909573832878096448e-06,5.912623836228202964e-06
2.094451143151468901e-06,5.106939553798136258e-06
2.297227536071151343e-06,4.407265453483030776e-06
2.519635929317013282e-06,3.800162232133510875e-06
2.763577014736157548e-06,3.273828220129385324e-06
3.031135501567576034e-06,2.817908075306176910e-06
3.324597932270938332e-06,2.423322793587259103e-06
3.646472223212744903e-06,2.082118845578891120e-06
3.999509097203669772e-06,1.787334400872260636e-06
4.386725591048494378e-06,1.532880768245942666e-06
4.811430839003264423e-06,1.313437379406631040e-06
5.277254352483532008e-06,1.124358839913996687e-06
5.788177037701280115e-06,9.615927339709831274e-07
6.348565216305222930e-06,8.216070020212543731e-07
6.963207939763891358e-06,7.013258275394960867e-07
7.637357916378026724e-06,5.980730803621672640e-07
8.376776400682923638e-06,5.095224667992368080e-07
9.187782428863339748e-06,4.336536286533342474e-07
1.007730682094461773e-05,3.687135145672789943e-07
1.105295141126022199e-05,3.131824199130512140e-07
1.212305401337652729e-05,2.657441570794688835e-07
1.329675967466212602e-05,2.252598770094341444e-07
1.458409882943986393e-05,1.907451156263968509e-07
1.599607301861487752e-05,1.613496860211815922e-07
1.754474890833459822e-05,1.363400795394449603e-07
1.924336141115980055e-05,1.150840768010348076e-07
2.110642679101555104e-05,9.701720121836504319e-08
2.314986671851160856e-05,8.171307969246488669e-08
2.539114433680346642e-05,6.874761294657555444e-08
2.784941350080644140e-05,5.777532400006183695e-08
3.054568246515432163e-05,4.849995701660652468e-08
3.350299341977229842e-05,4.067922563692051408e-08
3.674661940736687922e-05,3.406148526328542366e-08
4.030428030568051443e-05,2.849558700392484287e-08
4.420637972028530196e-05,2.381153335063555699e-08
4.848626481239078214e-05,1.987413119200745530e-08
5.318051128214196547e-05,1.656819729639827518e-08
5.832923594286212095e-05,1.379570616050482127e-08
6.397643955748424092e-05,1.147332817802627952e-08
7.017038286703836689e-05,9.530307067406268401e-09
7.696399902471150959e-05,7.906631850303241303e-09
8.441534596012993945e-05,6.551464269164305046e-09
9.258810253973946442e-05,5.421787453221240411e-09
1.015521127634568086e-04,4.481245990829192039e-09
1.113839826482619416e-04,3.699151398227824704e-09
1.221677348996791812e-04,3.049630350001555153e-09
1.339955269659338412e-04,2.510896005794593390e-09
1.469684386112446071e-04,2.064625362355205036e-09
1.611973357388157043e-04,1.695427834375827273e-09
1.768038178457208417e-04,1.390392252390286535e-09
1.939212572065831012e-04,1.138701192161748161e-09
2.126959386668691900e-04,9.313030476323158720e-10
2.332883097864158460e-04,7.606335595447365684e-10
2.558743520168589233e-04,6.203796498356722728e-10
2.806470846309838869e-04,5.052793978847679120e-10
3.078182142565079478e-04,4.109528503814589315e-10
3.376199441111339922e-04,3.337590953637300761e-10
3.703069584005140493e-04,2.706756792834961308e-10
4.061585988376979588e-04,2.191970067612957221e-10
4.454812518844988400e-04,1.772488488355214778e-10
4.886109671160326559e-04,1.431165004082055042e-10
5.359163290848514881e-04,1.153844858388177036e-10
5.878016072274911547e-04,9.288602477691698985e-11
6.447102107323868887e-04,7.466073675748611151e-11
7.071284778942996639e-04,5.991929154073504533e-11
7.755898323389001994e-04,4.801390586101459018e-11
8.506793416364161154e-04,3.841375437556505450e-11
9.330387172620369486e-04,3.068450686101502126e-11
1.023371798632520275e-03,2.447132548448088640e-11
1.122450568085306974e-03,1.948475897258563597e-11
1.231121748203890722e-03,1.548905788720698160e-11
1.350314037869873715e-03,1.229251020165904502e-11
1.481046048880675734e-03,9.739460426620325273e-12
1.624435010958867089e-03,7.703729412996113281e-12
1.781706319545730676e-03,6.083197333528183486e-12
1.954204007974053459e-03,4.795350945274631697e-12
2.143402233514856738e-03,3.773629098809262837e-12
2.350917875457286636e-03,2.964428201574756695e-12
2.578524352884273892e-03,2.324652395203911456e-12
2.828166780230032939e-03,1.819712619871912401e-12
3.101978590138096837e-03,1.421894977703954828e-12
3.402299765678071415e-03,1.109032530419338219e-12
3.731696837732755619e-03,8.634259953505434903e-13
4.092984818452442136e-03,6.709681866870824787e-13
4.489251258218607613e-03,5.204350104091705436e-13
4.923882631706741689e-03,4.029122979979729678e-13
5.400593278542373601e-03,3.113332872296845820e-13
5.923457145875806254e-03,2.401060478032507983e-13
6.496942604146124095e-03,1.848138868098121590e-13
7.125950633568410228e-03,1.419748783051766271e-13
7.815856707684091381e-03,1.088492190856801834e-13
8.572556731909325087e-03,8.328515856358309940e-14
9.402517429670131932e-03,6.359604505834030347e-14
1.031283160672184784e-02,4.846237599003299879e-14
1.131127876593921409e-02,3.685394446108114516e-14
1.240639159058831882e-02,2.796783635573525816e-14
1.360752886424333036e-02,2.117988512107333322e-14
1.492495545051829124e-02,1.600556006607226676e-14
1.636993001611701873e-02,1.206964761557156645e-14
1.795480124687830539e-02,9.082165595052482744e-15
1.969311337907421466e-02,6.819479023628609795e-15
2.159972194782716973e-02,5.109486269008429458e-15
2.369092074182631985e-02,3.820030603383697923e-15
2.598458104929247253e-02,2.849849095183353084e-15
2.850030438518105086e-02,2.121522269899440541e-15
3.125959000482284034e-02,1.575991026769868023e-15
3.428601863556589996e-02,1.168302748344357832e-15
3.760545399658175858e-02,8.643216562556207410e-16
4.124626382901356442e-02,6.382122009744671255e-16
4.523956232538058064e-02,4.703377115879837911e-16
4.961947603002907908e-02,3.460404807864944316e-16
5.442343548300272033e-02,2.541998835282887100e-16
5.969249509970739331e-02,1.864911106646864299e-16
6.547168402004742427e-02,1.366806467495003318e-16
7.181039092537355728e-02,1.001139036156682670e-16
7.876278611187063905e-02,7.332271686337096276e-17
8.638828442740453806e-02,5.372975394292045910e-17
9.475205302806546936e-02,3.942462587221734171e-17
1.039255682936713054e-01,2.899231438591520941e-17
1.139872266616052537e-01,2.139378644594199586e-17
1.250230145991456099e-01,1.586848064438724164e-17
1.371272434398400908e-01,1.184341690763288277e-17
1.504033553638025045e-01,8.912523887499914587e-18
1.649648074098020722e-01,6.776315775148124842e-18
1.809360410738716507e-01,5.212663732766256143e-18
1.984535457805803316e-01,4.064792802672977775e-18
2.176670253153459023e-01,3.217726327823040094e-18
2.387406771860647037e-01,2.587243610364459758e-18
2.618545958474232660e-01,2.114009344441645057e-18
2.872063117797828413e-01,1.754633690218143807e-18
3.150124795755327445e-01,1.478171433300223120e-18
3.455107294592217881e-01,1.261881050749919420e-18
3.789616980644715527e-01,1.090100377712976711e-18
4.156512558225987641e-01,9.512073397941483865e-19
4.558929499981058675e-01,8.369876374774683360e-19
5.000306842491090142e-01,7.415420488176274887e-19
5.484416576121015074e-01,6.604135371401389150e-19
6.015395880274833074e-01,5.906741687766775671e-19
6.597782479539546774e-01,5.298933774085822659e-19
7.236553422869664853e-01,4.764994755070217358e-19
7.937167617217559812e-01,4.291954818395466052e-19
8.705612479099873457e-01,3.869987232213947099e-19
9.548455102782302806e-01,3.492084068462585476e-19
1.047289838236359572e+00,3.152230119059423921e-19
1.148684256737554810e+00,2.845732448244770824e-19
1.259895277795028523e+00,2.568815290745944020e-19
1.381873305653633421e+00,2.318547892700319298e-19
1.515660758900604366e+00,2.091696663168105610e-19
1.662400978926613426e+00,1.886362066265853987e-19
1.823348000868442176e+00,1.700428334662883300e-19
1.999877270535286966e+00,1.531734406424838917e-19
2.193497398905059903e+00,1.379213237015028861e-19
2.405863054644066690e+00,1.240861013209455444e-19
2.638789104828934473e+00,1.115695060408409137e-19
2.894266124716752042e+00,1.002572306452237160e-19
3.174477409109193626e+00,9.000591696126534795e-20
3.481817630688966325e+00,8.075682183908234094e-20
3.818913304781854201e+00,7.239804896381916347e-20
4.188645235435270564e+00,6.484756400429831580e-20
4.594173134636476696e+00,5.804255462898352029e-20
5.038962625065150469e+00,5.190301419233032352e-20
5.526814857144603188e+00,4.637482700751489828e-20
6.061898993497572441e+00,4.140135321158885215e-20
6.648787838417263174e+00,3.692349171211286539e-20
7.292496916841444410e+00,3.289935952913965109e-20
7.998527336796708020e+00,2.928952068574385262e-20
8.772912801613356848e+00,2.604467386267083103e-20
9.622271173675134293e+00,2.313916358065093507e-20
1.055386103036522805e+01,2.053560352572712617e-20
1.157564369553305639e+01,1.820660614918420962e-20
1.269635127659975282e+01,1.612294650937808105e-20
1.392556128874464783e+01,1.426215360491671051e-20
1.527377850390715608e+01,1.260063911049553117e-20
1.675252472408217130e+01,1.112097593819042268e-20
1.837443724610728424e+01,9.802278823162501751e-21
2.015337685941735302e+01,8.629326831506622306e-21
2.210454629971023621e+01,7.587978791173072610e-21
2.424462017082330689e+01,6.662156443845106241e-21
2.659188744512696445e+01,5.841889544141143498e-21
2.916640776023706394e+01,5.116386397106782351e-21
3.199018284775067045e+01,4.473372788406337840e-21
3.508734455902715155e+01,3.906243580706076996e-21
3.848436109487433043e+01,3.405949575009546136e-21
4.221026320156902756e+01,2.965013627986257722e-21
4.629689226627267828e+01,2.576517889311211589e-21
5.077917243205402542e+01,2.236017631115688524e-21
5.569540905800135988e+01,1.936764762345457219e-21
6.108761607505039848e+01,1.675084660330723182e-21
6.700187503509590670e+01,1.446460440385550818e-21
7.348872892180388305e+01,1.246328719587541342e-21
8.060361408861344046e+01,1.071724185355245001e-21
8.840733401525062618e+01,9.201825579057233927e-22
9.696657893145520291e+01,7.883718137168435500e-22
1.063544957486011242e+02,6.739274775943224290e-22
1.166513131698198436e+02,5.751274274770955326e-22
1.279450273207873465e+02,4.896683833961889385e-22
1.403321537605487492e+02,4.158910803137464124e-22
1.539185522990205470e+02,3.525007461139170535e-22
1.688203316700366088e+02,2.980048775407456464e-22
1.851648417912153946e+02,2.513290922469417059e-22
2.030917620904738783e+02,2.114061339873593796e-22
2.227542951999556351e+02,1.773853926239344447e-22
2.443204762186491621e+02,1.484194973669157577e-22
2.679746087325689246e+02,1.238098682241747966e-22
2.939188398646890050e+02,1.030059667927621945e-22
3.223748878149027064e+02,8.542024613025431291e-23
3.535859366535182744e+02,7.061618854959723602e-23
3.878187145610719426e+02,5.818201889475724674e-23
4.253657732750392029e+02,4.777547330795449160e-23
4.665479882234467937e+02,3.909331019732844744e-23
5.117173007114610073e+02,3.187061294828208254e-23
5.612597255954965476e+02,2.587890029633382861e-23
6.155986501483514530e+02,2.093791245776305691e-23
6.751984523072494540e+02,1.686819144541664169e-23
7.405684692262443605e+02,1.353248620132616555e-23
8.122673500479702398e+02,1.080832505625353131e-23
8.909078300934141907e+02,8.593790520116542751e-24
9.771619672696201633e+02,6.801335177460009292e-24
1.071766885445503476e+03,5.356699702174705718e-24
1.175531073878372354e+03,4.197987164040728315e-24
1.289341296525715734e+03,3.272819107718532569e-24
1.414170170289027055e+03,2.538478791022001174e-24
1.551084476952840532e+03,1.957905171603524835e-24
1.701254279852592617e+03,1.501878944638712670e-24
1.865962923181745964e+03,1.145391416520824947e-24
2.046617999391994090e+03,8.684410718259140225e-25
2.244763378413224018e+03,6.544884967228290805e-25
2.462092401494630394e+03,4.901697392515089101e-25
2.700462352420682237e+03,3.648017315766722066e-25
2.961910329772559635e+03,2.697456610325867625e-25
3.248670655878374873e+03,1.981426774967816760e-25
3.563193971228591181e+03,1.445530125871580264e-25
3.908168177536264011e+03,1.047348138385367578e-25
4.286541408420934204e+03,7.535344800414842409e-26
4.701547224022129740e+03,5.382468663348385026e-26
5.156732244854973942e+03,3.816318820146116416e-26
5.655986461065002004e+03,2.685617011250805569e-26
6.203576476104281937e+03,1.875577330141159818e-26
6.804181968927094204e+03,1.299763143613473665e-26
7.462935686310144774e+03,8.935735551172971342e-27
8.185467307069021444e+03,6.093380545448937570e-27
8.977951553033331948e+03,4.120972594994888591e-27
9.847160957933763711e+03,2.763949432280397667e-27
1.080052374516254167e+04,1.838097829012021823e-27
1.184618730902682364e+04,1.211619186856922664e-27
1.299308784200417176e+04,7.915238687083481343e-28
1.425102670302996557e+04,5.124455607082465409e-28
1.563075417945817389e+04,3.287679280040367434e-28
1.714406135851968429e+04,2.089432054689204875e-28
1.880388089340916486e+04,1.314950045717642528e-28
2.062439752514096836e+04,8.194158990300643971e-29
2.262116930469025829e+04,5.076359549976262015e-29
2.481126055137774893e+04,3.088931050026923150e-29
2.721338768375308791e+04,1.866918856692960752e-29
2.984807916924333404e+04,1.116215507769325601e-29
3.273785095948577509e+04,6.601020683197583495e-30
3.590739891061062372e+04,3.861105402531865148e-30
3.938380983288488642e+04,2.233546916071371363e-30
4.319679297334182047e+04,1.276668324414367231e-30
4.737893390963143611e+04,7.208181984348350030e-31
5.196597302486207627e+04,4.020309636541053651e-31
5.699711094326075545e+04,2.214966518980904402e-31
6.251534353689724230e+04,1.208472433811523774e-31
6.856782936641738343e+04,6.469804417044661058e-32
7.520629269592421770e+04,3.424500275541943348e-32
8.248746552614581014e+04,1.787800561764968298e-32
9.047357242349311127e+04,9.205881946822048479e-33
9.923286228832545748e+04,4.674245985513839943e-33
1.088401916069007711e+05,2.336245896906194102e-33
1.193776641714435682e+05,1.149382967867513461e-33
1.309353327353612112e+05,5.567345063961589679e-34
1.436119685999077337e+05,2.654855016704506676e-34
1.575159057091624418e+05,1.246007411277996236e-34
1.727659664669034246e+05,5.742571632176809812e-35
1.894924771873823483e+05,2.599478320314787779e-35
2.078383818579755607e+05,1.156099842950640585e-35
2.279604637318981986e+05,5.051238531109929147e-36
2.500306851906321244e+05,2.171209297591245576e-36
2.742376573264952167e+05,9.123990988603163973e-37
3.007882518043096061e+05,3.749893425192764335e-37
3.299093687770942342e+05,1.513156763376140447e-37
3.618498759642742807e+05,5.984044056465235340e-38
3.968827354637166136e+05,2.318513807158570867e-38
4.353073364731901092e+05,8.768529975766378798e-39
4.774520538566131145e+05,3.244348226925712957e-39
5.236770544204665930e+05,1.169950257105970016e-39
5.743773748826587107e+05,4.129547627791736163e-40
6.299862978380706627e+05,1.423962227563653365e-40
6.909790545715645421e+05,4.773928853296074728e-41
7.578768863625945523e+05,1.556385043776995888e-41
8.312514989890631987e+05,4.916808198668116831e-42
9.117299484984939918e+05,1.464556688622314021e-42
