9.999999999999999547e-07,1.857194371670199188e-05
1.096816005273138014e-06,1.613141762557791038e-05
1.203005349423324184e-06,1.400054492242331757e-05
1.319475521676705910e-06,1.214146646369293958e-05
1.447221870741134366e-06,1.052077393773425552e-05
1.587336111010208705e-06,9.109008557803571651e-06
1.741015652304015331e-06,7.880212830494256974e-06
1.909573832878096448e-06,6.811530690174851393e-06
2.094451143151468901e-06,5.882851617775441903e-06
2.297227536071151343e-06,5.076494245575243577e-06
2.519635929317013282e-06,4.376925028228641425e-06
2.763577014736157548e-06,3.770508021277542548e-06
3.031135501567576034e-06,3.245282422902008407e-06
3.324597932270938332e-06,2.790765020892594197e-06
3.646472223212744903e-06,2.397774968860697685e-06
3.999509097203669772e-06,2.058278498062921825e-06
4.386725591048494378e-06,1.765251368740345806e-06
4.811430839003264423e-06,1.512557100206290376e-06
5.277254352483532008e-06,1.294839249917275320e-06
5.788177037701280115e-06,1.107426204049981461e-06
6.348565216305222930e-06,9.462470981847062288e-07
6.963207939763891358e-06,8.077576251179026871e-07
7.637357916378026724e-06,6.888746173810460495e-07
8.376776400682923638e-06,5.869184129509035659e-07
9.187782428863339748e-06,4.995621205304743633e-07
1.007730682094461773e-05,4.247869961650825286e-07
1.105295141126022199e-05,3.608432282879760122e-07
1.212305401337652729e-05,3.062155051661752629e-07
1.329675967466212602e-05,2.595928077426613641e-07
1.458409882943986393e-05,2.198419325839183177e-07
1.599607301861487752e-05,1.859843048112325676e-07
1.754474890833459822e-05,1.571756902206088488e-07
1.924336141115980055e-05,1.326884599778214790e-07
2.110642679101555104e-05,1.118729361449307169e-07
2.314986671851160856e-05,9.423848921256837112e-08
2.539114433680346642e-05,7.929697916985832456e-08
2.784941350080644140e-05,6.665079437995810830e-08
3.054568246515432163e-05,5.595896054670193644e-08
3.350299341977229842e-05,4.694259419546955020e-08
3.674661940736687922e-05,3.931207336265513971e-08
4.030428030568051443e-05,3.289336156824090819e-08
4.420637972028530196e-05,2.749076412322733785e-08
4.848626481239078214e-05,2.294862508376602510e-08
5.318051128214196547e-05,1.913431284284328871e-08
5.832923594286212095e-05,1.593493930713147372e-08
6.397643955748424092e-05,1.325452815308279416e-08
7.017038286703836689e-05,1.101157335544306524e-08
7.696399902471150959e-05,9.136936513312643752e-09
8.441534596012993945e-05,7.572037956010762113e-09
9.258810253973946442e-05,6.267302284611628573e-09
1.015521127634568086e-04,5.180824017585745193e-09
1.113839826482619416e-04,4.277223423603124070e-09
1.221677348996791812e-04,3.526666510958402629e-09
1.339955269659338412e-04,2.904026561462613242e-09
1.469684386112446071e-04,2.388167581903589099e-09
1.611973357388157043e-04,1.961332662819242199e-09
1.768038178457208417e-04,1.608622517100301023e-09
1.939212572065831012e-04,1.317551455803354123e-09
2.126959386668691900e-04,1.077669780510778356e-09
2.332883097864158460e-04,8.802430657099659735e-10
2.558743520168589233e-04,7.179801128854489713e-10
2.806470846309838869e-04,5.848024908281203048e-10
3.078182142565079478e-04,4.756495601013028562e-10
3.376199441111339922e-04,3.863137282402271198e-10
3.703069584005140493e-04,3.133014273645424474e-10
4.061585988376979588e-04,2.537159499516801722e-10
4.454812518844988400e-04,2.051588372301600713e-10
4.886109671160326559e-04,1.656469913010017378e-10
5.359163290848514881e-04,1.335430936509317728e-10
5.878016072274911547e-04,1.074972727986315779e-10
6.447102107323868887e-04,8.639826981150289946e-11
7.071284778942996639e-04,6.933261318097924434e-11
7.755898323389001994e-04,5.555053716290946498e-11
8.506793416364161154e-04,4.443756987514565889e-11
9.330387172620369486e-04,3.549088337575583816e-11
1.023371798632520275e-03,2.829963800962387769e-11
1.122450568085306974e-03,2.252867183175186197e-11
1.231121748203890722e-03,1.790498649060522877e-11
1.350314037869873715e-03,1.420656726520058693e-11
1.481046048880675734e-03,1.125314872083407371e-11
1.624435010958867089e-03,8.898599509224500675e-12
1.781706319545730676e-03,7.024652121249516227e-12
1.954204007974053459e-03,5.535747895956803077e-12
2.143402233514856738e-03,4.354805477971937876e-12
2.350917875457286636e-03,3.419752926050678025e-12
2.578524352884273892e-03,2.680690263294732061e-12
2.828166780230032939e-03,2.097571675883316687e-12
3.101978590138096837e-03,1.638315308827626809e-12
3.402299765678071415e-03,1.277264465368654593e-12
3.731696837732755619e-03,9.939371018666431603e-13
4.092984818452442136e-03,7.720113505673167855e-13
4.489251258218607613e-03,5.985040156218341763e-13
4.923882631706741689e-03,4.631064694839081365e-13
5.400593278542373601e-03,3.576487723155313765e-13
5.923457145875806254e-03,2.756680301630666009e-13
6.496942604146124095e-03,2.120613337537996485e-13
7.125950633568410228e-03,1.628072213417849598e-13
7.815856707684091381e-03,1.247425719762637666e-13
8.572556731909325087e-03,9.538420196354280641e-14
9.402517429670131932e-03,7.278652252147852691e-14
1.031283160672184784e-02,5.542817054869358939e-14
1.131127876593921409e-02,4.212192646017653282e-14
1.240639159058831882e-02,3.194296879881845940e-14
1.360752886424333036e-02,2.417278127324223615e-14
1.492495545051829124e-02,1.825389438726993748e-14
1.636993001611701873e-02,1.375487406517775586e-14
1.795480124687830539e-02,1.034249600894095449e-14
1.969311337907421466e-02,7.759943509331611358e-15
2.159972194782716973e-02,5.809712202363509204e-15
2.369092074182631985e-02,4.340244163079614897e-15
2.598458104929247253e-02,3.235493951841684256e-15
2.850030438518105086e-02,2.406805969285415961e-15
3.125959000482284034e-02,1.786601122685139024e-15
3.428601863556589996e-02,1.323481887657860944e-15
3.760545399658175858e-02,9.784497194876906587e-16
4.124626382901356442e-02,7.219797534511341240e-16
4.523956232538058064e-02,5.317737843975254991e-16
4.961947603002907908e-02,3.910290597069675463e-16
5.442343548300272033e-02,2.871162861044334668e-16
5.969249509970739331e-02,2.105649433692144361e-16
6.547168402004742427e-02,1.542898215457324125e-16
7.181039092537355728e-02,1.130054940560158434e-16
7.876278611187063905e-02,8.277610725519275517e-17
8.638828442740453806e-02,6.068101702656435973e-17
9.475205302806546936e-02,4.455634717647475820e-17
1.039255682936713054e-01,3.280101696561839953e-17
1.139872266616052537e-01,2.424041536577224802e-17
1.250230145991456099e-01,1.801542533916968828e-17
1.371272434398400908e-01,1.347956980284805158e-17
1.504033553638025045e-01,1.017492419517459289e-17
1.649648074098020722e-01,7.764110418806704375e-18
1.809360410738716507e-01,5.997122846834569221e-18
1.984535457805803316e-01,4.697597279071587164e-18
2.176670253153459023e-01,3.736278647616219741e-18
2.387406771860647037e-01,3.018614458892142100e-18
2.618545958474232660e-01,2.477949628310940860e-18
2.872063117797828413e-01,2.065595789055677737e-18
3.150124795755327445e-01,1.746849334676762950e-18
3.455107294592217881e-01,1.496165682475423145e-18
3.789616980644715527e-01,1.295997083003148075e-18
4.156512558225987641e-01,1.133279115945535181e-18
4.558929499981058675e-01,9.987836502751441699e-19
5.000306842491090142e-01,8.858794846082398581e-19
5.484416576121015074e-01,7.895251888923938554e-19
6.015395880274833074e-01,7.064209480259867992e-19
6.597782479539546774e-01,6.338018171860193701e-19
7.236553422869664853e-01,5.698789980816104500e-19
7.937167617217559812e-01,5.131669803084012383e-19
8.705612479099873457e-01,4.625299532606048084e-19
9.548455102782302806e-01,4.171558647665915615e-19
1.047289838236359572e+00,3.763427381168584575e-19
1.148684256737554810e+00,3.395364403400882710e-19
1.259895277795028523e+00,3.062911016624326368e-19
1.381873305653633421e+00,2.762570264050088254e-19
1.515660758900604366e+00,2.490471761831968024e-19
1.662400978926613426e+00,2.244332796898748468e-19
1.823348000868442176e+00,2.021594889856885028e-19
1.999877270535286966e+00,1.819660332973837525e-19
2.193497398905059903e+00,1.637217945032664985e-19
2.405863054644066690e+00,1.471857283343633953e-19
2.638789104828934473e+00,1.322375531857376669e-19
2.894266124716752042e+00,1.187383652808931792e-19
3.174477409109193626e+00,1.065157106646135842e-19
3.481817630688966325e+00,9.549677839731308309e-20
3.818913304781854201e+00,8.554702207383061361e-20
4.188645235435270564e+00,7.656688858269683510e-20
4.594173134636476696e+00,6.848011245167776410e-20
5.038962625065150469e+00,6.119029952765203582e-20
5.526814857144603188e+00,5.463185686642882689e-20
6.061898993497572441e+00,4.873637963533378187e-20
6.648787838417263174e+00,4.343287252739421949e-20
7.292496916841444410e+00,3.867076944204367231e-20
7.998527336796708020e+00,3.440233308927436387e-20
8.772912801613356848e+00,3.056884541925282277e-20
9.622271173675134293e+00,2.713896954524276629e-20
1.055386103036522805e+01,2.406808592913070968e-20
1.157564369553305639e+01,2.132327226107790270e-20
1.269635127659975282e+01,1.886962162691460502e-20
1.392556128874464783e+01,1.668018262016347910e-20
1.527377850390715608e+01,1.472681127679285153e-20
1.675252472408217130e+01,1.298858547301339910e-20
1.837443724610728424e+01,1.144071561721052731e-20
2.015337685941735302e+01,1.006500474389872447e-20
2.210454629971023621e+01,8.844571952158429439e-21
2.424462017082330689e+01,7.760403588102379715e-21
2.659188744512696445e+01,6.800578339808606059e-21
2.916640776023706394e+01,5.952258463594471505e-21
3.199018284775067045e+01,5.200999247324612010e-21
3.508734455902715155e+01,4.538867440448717679e-21
3.848436109487433043e+01,3.955188723754099529e-21
4.221026320156902756e+01,3.441148738464901000e-21
4.629689226627267828e+01,2.988578043212323147e-21
5.077917243205402542e+01,2.592176926735252205e-21
5.569540905800135988e+01,2.244049746235438515e-21
6.108761607505039848e+01,1.939829816237868046e-21
6.700187503509590670e+01,1.674208668313950942e-21
7.348872892180388305e+01,1.441856449652630312e-21
8.060361408861344046e+01,1.239274626797571830e-21
8.840733401525062618e+01,1.063549281694786519e-21
9.696657893145520291e+01,9.108018470033531932e-22
1.063544957486011242e+02,7.782608348732397804e-22
1.166513131698198436e+02,6.638963378423999048e-22
1.279450273207873465e+02,5.650317792526987349e-22
1.403321537605487492e+02,4.797298052732627416e-22
1.539185522990205470e+02,4.064722785587191208e-22
1.688203316700366088e+02,3.435261284412061221e-22
1.851648417912153946e+02,2.896374036964053743e-22
2.030917620904738783e+02,2.435661152817779692e-22
2.227542951999556351e+02,2.043217628194694688e-22
2.443204762186491621e+02,1.709218331817189186e-22
2.679746087325689246e+02,1.425558437773642619e-22
2.939188398646890050e+02,1.185839699223856841e-22
3.223748878149027064e+02,9.832693306740614747e-23
3.535859366535182744e+02,8.127872911832592610e-23
3.878187145610719426e+02,6.696320224434220437e-23
4.253657732750392029e+02,5.498454861843249991e-23
4.665479882234467937e+02,4.499251738448754107e-23
5.117173007114610073e+02,3.668128833796723595e-23
5.612597255954965476e+02,2.978731576059167049e-23
6.155986501483514530e+02,2.410251171920459990e-23
6.751984523072494540e+02,1.942030056472712206e-23
7.405684692262443605e+02,1.558249916050019226e-23
8.122673500479702398e+02,1.244810739572668630e-23
8.909078300934141907e+02,9.899829995612809026e-24
9.771619672696201633e+02,7.836954681838926079e-24
1.071766885445503476e+03,6.174077677087310897e-24
1.175531073878372354e+03,4.840023901079510613e-24
1.289341296525715734e+03,3.774588315957034300e-24
1.414170170289027055e+03,2.928665433867286353e-24
1.551084476952840532e+03,2.259660801191448468e-24
1.701254279852592617e+03,1.733988836187546111e-24
1.865962923181745964e+03,1.322902531694754497e-24
2.046617999391994090e+03,1.003407874745884661e-24
2.244763378413224018e+03,7.564860388870166570e-25
2.462092401494630394e+03,5.667650361033787849e-25
2.700462352420682237e+03,4.219534870336479734e-25
2.961910329772559635e+03,3.121074110771309658e-25
3.248670655878374873e+03,2.293282870355397830e-25
3.563193971228591181e+03,1.673482945735374497e-25
3.908168177536264011e+03,1.212779452355036472e-25
4.286541408420934204e+03,8.727091434799740728e-26
4.701547224022129740e+03,6.234465995366871922e-26
5.156732244854973942e+03,4.420651984302962742e-26
5.655986461065002004e+03,3.110850238416706835e-26
6.203576476104281937e+03,2.172351785019696303e-26
6.804181968927094204e+03,1.505163685645002459e-26
7.462935686310144774e+03,1.034511323240050606e-26
8.185467307069021444e+03,7.051912674905333177e-27
8.977951553033331948e+03,4.767037668001605562e-27
9.847160957933763711e+03,3.195469060278660656e-27
1.080052374516254167e+04,2.123647318182364158e-27
1.184618730902682364e+04,1.398751070249241378e-27
1.299308784200417176e+04,9.129557040210146872e-28
1.425102670302996557e+04,5.904680195036276206e-28
1.563075417945817389e+04,3.784022023542466392e-28
1.714406135851968429e+04,2.401929009382263553e-28
1.880388089340916486e+04,1.509597236634981249e-28
2.062439752514096836e+04,9.393584077484828402e-29
2.262116930469025829e+04,5.810540438622632828e-29
2.481126055137774893e+04,3.529916865692522493e-29
2.721338768375308791e+04,2.129807606120414925e-29
2.984807916924333404e+04,1.271125591894142176e-29
3.273785095948577509e+04,7.503248114032875139e-30
3.590739891061062372e+04,4.380515514111077497e-30
3.938380983288488642e+04,2.529101565577931766e-30
4.319679297334182047e+04,1.442754964647462451e-30
4.737893390963143611e+04,8.129712379076323436e-31
5.196597302486207627e+04,4.525240175703570683e-31
5.699711094326075545e+04,2.488197720505538998e-31
6.251534353689724230e+04,1.354875011918151238e-31
6.856782936641738343e+04,7.239483983401911457e-32
7.520629269592421770e+04,3.824612177017337593e-32
8.248746552614581014e+04,1.992990306576402481e-32
9.047357242349311127e+04,1.024407810982419355e-32
9.923286228832545748e+04,5.192406245821585502e-33
1.088401916069007711e+05,2.590951214330687529e-33
1.193776641714435682e+05,1.272697859533185261e-33
1.309353327353612112e+05,6.155530173323897278e-34
1.436119685999077337e+05,2.931246262854692364e-34
1.575159057091624418e+05,1.373928834059209945e-34
1.727659664669034246e+05,6.324480191771750722e-35
1.894924771873823483e+05,2.859700089318936811e-35
2.078383818579755607e+05,1.270527859836711400e-35
2.279604637318981986e+05,5.545980368321338117e-36
2.500306851906321244e+05,2.381824199179211458e-36
2.742376573264952167e+05,1.000135489604696423e-36
3.007882518043096061e+05,4.107648138957218579e-37
3.299093687770942342e+05,1.656492920388585716e-37
3.618498759642742807e+05,6.547267710574110667e-38
3.968827354637166136e+05,2.535483986687153599e-38
4.353073364731901092e+05,9.584982974023917900e-39
4.774520538566131145e+05,3.545099828729094087e-39
5.236770544204665930e+05,1.277980829724606499e-39
5.743773748826587107e+05,4.509546083740397404e-40
6.299862978380706627e+05,1.554596844167355236e-40
6.909790545715645421e+05,5.210748056019389012e-41
7.578768863625945523e+05,1.698473175149649967e-41
8.312514989890631987e+05,5.364795674170905358e-42
9.117299484984939918e+05,1.597771562305008343e-42
