9.999999999999999547e-07,2.046381421835162304e-05
1.096816005273138014e-06,1.777957102253802105e-05
1.203005349423324184e-06,1.543544968521636459e-05
1.319475521676705910e-06,1.338989285638919876e-05
1.447221870741134366e-06,1.160623022556898824e-05
1.587336111010208705e-06,1.005212722655627888e-05
1.741015652304015331e-06,8.699092302977729803e-06
1.909573832878096448e-06,7.522037499688986673e-06
2.094451143151468901e-06,6.498887519293706010e-06
2.297227536071151343e-06,5.610232264475778643e-06
2.519635929317013282e-06,4.839017979674017849e-06
2.763577014736157548e-06,4.170272617304864730e-06
3.031135501567576034e-06,3.590861733789350633e-06
3.324597932270938332e-06,3.089271759553415279e-06
3.646472223212744903e-06,2.655417801135987018e-06
3.999509097203669772e-06,2.280473337112967692e-06
4.386725591048494378e-06,1.956719388958257973e-06
4.811430839003264423e-06,1.677411008343326528e-06
5.277254352483532008e-06,1.436659177665484968e-06
5.788177037701280115e-06,1.229326433103563213e-06
6.348565216305222930e-06,1.050934691988744654e-06
6.963207939763891358e-06,8.975839191187554979e-07
7.637357916378026724e-06,7.658804106294157088e-07
8.376776400682923638e-06,6.528736072605269038e-07
9.187782428863339748e-06,5.560004676560388255e-07
1.007730682094461773e-05,4.730365372995591746e-07
1.105295141126022199e-05,4.020529425213660986e-07
1.212305401337652729e-05,3.413786234983697129e-07
1.329675967466212602e-05,2.895671959805137004e-07
1.458409882943986393e-05,2.453678992212891919e-07
1.599607301861487752e-05,2.077001481240106208e-07
1.754474890833459822e-05,1.756312617037979950e-07
1.924336141115980055e-05,1.483569883991889122e-07
2.110642679101555104e-05,1.251585169666873696e-07
2.314986671851160856e-05,1.054937430165487199e-07
2.539114433680346642e-05,8.882189341122432671e-08
2.784941350080644140e-05,7.470256620800510456e-08
3.054568246515432163e-05,6.275788133007572005e-08
3.350299341977229842e-05,5.267870844033574645e-08
3.674661940736687922e-05,4.414338877671170111e-08
4.030428030568051443e-05,3.695900397391785202e-08
4.420637972028530196e-05,3.090807823960406075e-08
4.848626481239078214e-05,2.581759464574921541e-08
5.318051128214196547e-05,2.154003602938183375e-08
5.832923594286212095e-05,1.794976449770492912e-08
6.397643955748424092e-05,1.493989481140003081e-08
7.017038286703836689e-05,1.241959716882866842e-08
7.696399902471150959e-05,1.031177293360806740e-08
8.441534596012993945e-05,8.551053913392024917e-09
9.258810253973946442e-05,7.082082004593423926e-09
1.015521127634568086e-04,5.858031505188838167e-09
1.113839826482619416e-04,4.839341230613013066e-09
1.221677348996791812e-04,3.992627823313634148e-09
1.339955269659338412e-04,3.289755392053660704e-09
1.469684386112446071e-04,2.707039887820287597e-09
1.611973357388157043e-04,2.224569492076462707e-09
1.768038178457208417e-04,1.825624796717281656e-09
1.939212572065831012e-04,1.496184732769315983e-09
2.126959386668691900e-04,1.224506095307824118e-09
2.332883097864158460e-04,1.000766152553139140e-09
2.558743520168589233e-04,8.167592652220280084e-10
2.806470846309838869e-04,6.656396872133993843e-10
3.078182142565079478e-04,5.417038009171792822e-10
3.376199441111339922e-04,4.402059742178974034e-10
3.703069584005140493e-04,3.572030474875510316e-10
4.061585988376979588e-04,2.894231684228586459e-10
4.454812518844988400e-04,2.341553091593090879e-10
4.886109671160326559e-04,1.891563259855900563e-10
5.359163290848514881e-04,1.525728769594206609e-10
5.878016072274911547e-04,1.228759101905172186e-10
6.447102107323868887e-04,9.880577504614654826e-11
7.071284778942996639e-04,7.932629850161537196e-11
7.755898323389001994e-04,6.358641631115031657e-11
8.506793416364161154e-04,5.088816125982373412e-11
9.330387172620369486e-04,4.065999534872922173e-11
1.023371798632520275e-03,3.243462814641128584e-11
1.122450568085306974e-03,2.583059537363156697e-11
1.231121748203890722e-03,2.053698370809817707e-11
1.350314037869873715e-03,1.630078391578378362e-11
1.481046048880675734e-03,1.291643667179125931e-11
1.624435010958867089e-03,1.021720468449157522e-11
1.781706319545730676e-03,8.068063127837418567e-12
1.954204007974053459e-03,6.359850140186691400e-12
2.143402233514856738e-03,5.004461543334417015e-12
2.350917875457286636e-03,3.930909812654337192e-12
2.578524352884273892e-03,3.082097122284016194e-12
2.828166780230032939e-03,2.412177462424193093e-12
3.101978590138096837e-03,1.884403867308501609e-12
3.402299765678071415e-03,1.469374637415040796e-12
3.731696837732755619e-03,1.143607158028525140e-12
4.092984818452442136e-03,8.883801282131212615e-13
4.489251258218607613e-03,6.887954094124765010e-13
4.923882631706741689e-03,5.330191408557572319e-13
5.400593278542373601e-03,4.116689995823950406e-13
5.923457145875806254e-03,3.173203538388652059e-13
6.496942604146124095e-03,2.441089562697417277e-13
7.125950633568410228e-03,1.874118977218103906e-13
7.815856707684091381e-03,1.435919293172094739e-13
8.572556731909325087e-03,1.097928903108076897e-13
9.402517429670131932e-03,8.377641956049463938e-14
1.031283160672184784e-02,6.379183771556472348e-14
1.131127876593921409e-02,4.847265082808073764e-14
1.240639159058831882e-02,3.675443519005692993e-14
1.360752886424333036e-02,2.780977698619370294e-14
1.492495545051829124e-02,2.099684307293793343e-14
1.636993001611701873e-02,1.581881868718029754e-14
1.795480124687830539e-02,1.189195773072752824e-14
1.969311337907421466e-02,8.920495834900581102e-15
2.159972194782716973e-02,6.676973926176627248e-15
2.369092074182631985e-02,4.986851059314618687e-15
2.598458104929247253e-02,3.716489987879296325e-15
2.850030438518105086e-02,2.763802725686904939e-15
3.125959000482284034e-02,2.050978301824110642e-15
3.428601863556589996e-02,1.518846143700261258e-15
3.760545399658175858e-02,1.122514357784517847e-15
4.124626382901356442e-02,8.280036536407027076e-16
4.523956232538058064e-02,6.096565058997471074e-16
4.961947603002907908e-02,4.481430896710528484e-16
5.442343548300272033e-02,3.289383261256680588e-16
5.969249509970739331e-02,2.411530438830852998e-16
6.547168402004742427e-02,1.766430608224204416e-16
7.181039092537355728e-02,1.293349345589006074e-16
7.876278611187063905e-02,9.470751818622382061e-17
8.638828442740453806e-02,6.940703520524170769e-17
9.475205302806546936e-02,5.094964033514789240e-17
1.039255682936713054e-01,3.749821408448649048e-17
1.139872266616052537e-01,2.770556965948351328e-17
1.250230145991456099e-01,2.058671146669385018e-17
1.371272434398400908e-01,1.540081636960745627e-17
1.504033553638025045e-01,1.162330933217396967e-17
1.649648074098020722e-01,8.867918659935081873e-18
1.809360410738716507e-01,6.848527615476143914e-18
1.984535457805803316e-01,5.363371338934848094e-18
2.176670253153459023e-01,4.264646659974458098e-18
2.387406771860647037e-01,3.444286079833704424e-18
2.618545958474232660e-01,2.826118146386078593e-18
2.872063117797828413e-01,2.354538662158112238e-18
3.150124795755327445e-01,1.989910521985850385e-18
3.455107294592217881e-01,1.703083415439757766e-18
3.789616980644715527e-01,1.474014144748034457e-18
4.156512558225987641e-01,1.287797129713604198e-18
4.558929499981058675e-01,1.133893156421824064e-18
5.000306842491090142e-01,1.004726710548982520e-18
5.484416576121015074e-01,8.945462954926796148e-19
6.015395880274833074e-01,7.995676068046315184e-19
6.597782479539546774e-01,7.166370046407010017e-19
7.236553422869664853e-01,6.436952425341659847e-19
7.937167617217559812e-01,5.790421345753861688e-19
8.705612479099873457e-01,5.213739243129078658e-19
9.548455102782302806e-01,4.697528611991941103e-19
1.047289838236359572e+00,4.233721360147015759e-19
1.148684256737554810e+00,3.815906732423175361e-19
1.259895277795028523e+00,3.438949454389282786e-19
1.381873305653633421e+00,3.098775270965761945e-19
1.515660758900604366e+00,2.790951684628069455e-19
1.662400978926613426e+00,2.512801306735345646e-19
1.823348000868442176e+00,2.261366397657867942e-19
1.999877270535286966e+00,2.033684484511917587e-19
2.193497398905059903e+00,1.828185944351485912e-19
2.405863054644066690e+00,1.642142576842882387e-19
2.638789104828934473e+00,1.474137701380313525e-19
2.894266124716752042e+00,1.322568245941429417e-19
3.174477409109193626e+00,1.185486136463995490e-19
3.481817630688966325e+00,1.062018813038167298e-19
3.818913304781854201e+00,9.506448369715311164e-20
4.188645235435270564e+00,8.502256609269321800e-20
4.594173134636476696e+00,7.598783440084568384e-20
5.038962625065150469e+00,6.785135327564572082e-20
5.526814857144603188e+00,6.053785715933323162e-20
6.061898993497572441e+00,5.396927809054322015e-20
6.648787838417263174e+00,4.806572308993922672e-20
7.292496916841444410e+00,4.276931748282970811e-20
7.998527336796708020e+00,3.802566481413045781e-20
8.772912801613356848e+00,3.376923578240939382e-20
9.622271173675134293e+00,2.996370030768720307e-20
1.055386103036522805e+01,2.655916200738429690e-20
1.157564369553305639e+01,2.351831942022594083e-20
1.269635127659975282e+01,2.080207163529418426e-20
1.392556128874464783e+01,1.837999185225896529e-20
1.527377850390715608e+01,1.622056499734591662e-20
1.675252472408217130e+01,1.430012916498255488e-20
1.837443724610728424e+01,1.259114923448221319e-20
2.015337685941735302e+01,1.107314013288916665e-20
2.210454629971023621e+01,9.727182768730729183e-21
2.424462017082330689e+01,8.532244442247483590e-21
2.659188744512696445e+01,7.474860350416010809e-21
2.916640776023706394e+01,6.540751952594068688e-21
3.199018284775067045e+01,5.713956765591949963e-21
3.508734455902715155e+01,4.985528026544678603e-21
3.848436109487433043e+01,4.343666093424122125e-21
4.221026320156902756e+01,3.778613104386079077e-21
4.629689226627267828e+01,3.281320467686927539e-21
5.077917243205402542e+01,2.845850187092142546e-21
5.569540905800135988e+01,2.463544322951693443e-21
6.108761607505039848e+01,2.129522212525432639e-21
6.700187503509590670e+01,1.837937640333431717e-21
7.348872892180388305e+01,1.582940129545909215e-21
8.060361408861344046e+01,1.360649323446798153e-21
8.840733401525062618e+01,1.167838871276069334e-21
9.696657893145520291e+01,1.000259911657498320e-21
1.063544957486011242e+02,8.548595171842972250e-22
1.166513131698198436e+02,7.293914046092638035e-22
1.279450273207873465e+02,6.209269898340223603e-22
1.403321537605487492e+02,5.273402398547525139e-22
1.539185522990205470e+02,4.469558533452903851e-22
1.688203316700366088e+02,3.778772294955546562e-22
1.851648417912153946e+02,3.187264377186703944e-22
2.030917620904738783e+02,2.681458341165033851e-22
2.227542951999556351e+02,2.250478409934468691e-22
2.443204762186491621e+02,1.883566810882987675e-22
2.679746087325689246e+02,1.571848427321283186e-22
2.939188398646890050e+02,1.308304444145687277e-22
3.223748878149027064e+02,1.085505303269909714e-22
3.535859366535182744e+02,8.979043427255331658e-23
3.878187145610719426e+02,7.402891070218943031e-23
4.253657732750392029e+02,6.083244286320307160e-23
4.665479882234467937e+02,4.981752459102889701e-23
5.117173007114610073e+02,4.064915229689312829e-23
5.612597255954965476e+02,3.303863826019698372e-23
6.155986501483514530e+02,2.675788548687345748e-23
6.751984523072494540e+02,2.158055946823033646e-23
7.405684692262443605e+02,1.733316035054746251e-23
8.122673500479702398e+02,1.386098585643034169e-23
8.909078300934141907e+02,1.103530261971847334e-23
9.771619672696201633e+02,8.745499541339590281e-24
1.071766885445503476e+03,6.897704182186244729e-24
1.175531073878372354e+03,5.413625135116323178e-24
1.289341296525715734e+03,4.226990950815256024e-24
1.414170170289027055e+03,3.283699335268897991e-24
1.551084476952840532e+03,2.536759991078702493e-24
1.701254279852592617e+03,1.949096558700773257e-24
1.865962923181745964e+03,1.488926411714972870e-24
2.046617999391994090e+03,1.130802867212554940e-24
2.244763378413224018e+03,8.536472744300255358e-25
2.462092401494630394e+03,6.403994170896617071e-25
2.700462352420682237e+03,4.774007250606084626e-25
2.961910329772559635e+03,3.535831207759615096e-25
3.248670655878374873e+03,2.601419204137423794e-25
3.563193971228591181e+03,1.900784216819404856e-25
3.908168177536264011e+03,1.379252628364816177e-25
4.286541408420934204e+03,9.937363067717045156e-26
4.701547224022129740e+03,7.107667625740906233e-26
5.156732244854973942e+03,5.045734777453312920e-26
5.655986461065002004e+03,3.554746879074986050e-26
6.203576476104281937e+03,2.485020418502793113e-26
6.804181968927094204e+03,1.723574077965423499e-26
7.462935686310144774e+03,1.185771971887091499e-26
8.185467307069021444e+03,8.090267660473921207e-27
8.977951553033331948e+03,5.473467008185826981e-27
9.847160957933763711e+03,3.671744043880377223e-27
1.080052374516254167e+04,2.441784439725709146e-27
1.184618730902682364e+04,1.609209735093566629e-27
1.299308784200417176e+04,1.050817611130451689e-27
1.425102670302996557e+04,6.798862796718318259e-28
1.563075417945817389e+04,4.358245488543274557e-28
1.714406135851968429e+04,2.766877392158487404e-28
1.880388089340916486e+04,1.739056992449826524e-28
2.062439752514096836e+04,1.082077560491106357e-28
2.262116930469025829e+04,6.692225139620432987e-29
2.481126055137774893e+04,4.064405102824140953e-29
2.721338768375308791e+04,2.451337572001186196e-29
2.984807916924333404e+04,1.462287257103080789e-29
3.273785095948577509e+04,8.626390673604574493e-30
3.590739891061062372e+04,5.032659746763227643e-30
3.938380983288488642e+04,2.903292025314890337e-30
4.319679297334182047e+04,1.654735210674424988e-30
4.737893390963143611e+04,9.315053518242740256e-31
5.196597302486207627e+04,5.179571857233341434e-31
5.699711094326075545e+04,2.844797754576329552e-31
6.251534353689724230e+04,1.547238358444692999e-31
6.856782936641738343e+04,8.257203468564253463e-32
7.520629269592421770e+04,4.356771463701335292e-32
8.248746552614581014e+04,2.267376447726663830e-32
9.047357242349311127e+04,1.163927631779359239e-32
9.923286228832545748e+04,5.891879891933238902e-33
1.088401916069007711e+05,2.936148197337823094e-33
1.193776641714435682e+05,1.440402951107323467e-33
1.309353327353612112e+05,6.957839076546254662e-34
1.436119685999077337e+05,3.309213153195729938e-34
1.575159057091624418e+05,1.549230864145934659e-34
1.727659664669034246e+05,7.123227846789758458e-35
1.894924771873823483e+05,3.217328962164089070e-35
2.078383818579755607e+05,1.427927033162227703e-35
2.279604637318981986e+05,6.226897114819050155e-36
2.500306851906321244e+05,2.671777766338050446e-36
2.742376573264952167e+05,1.120923387795482685e-36
3.007882518043096061e+05,4.600075528177654241e-37
3.299093687770942342e+05,1.853715402691420405e-37
3.618498759642742807e+05,7.321856726261717302e-38
3.968827354637166136e+05,2.833705683646457738e-38
4.353073364731901092e+05,1.070645293177936015e-38
4.774520538566131145e+05,3.957926381943369730e-39
5.236770544204665930e+05,1.426166392574972786e-39
5.743773748826587107e+05,5.030434569209872874e-40
6.299862978380706627e+05,1.733548161424453248e-40
6.909790545715645421e+05,5.808760672582323088e-41
7.578768863625945523e+05,1.892884085648167966e-41
8.312514989890631987e+05,5.977438154792696163e-42
9.117299484984939918e+05,1.779867461447055468e-42
