9.999999999999999547e-07,1.995306241228440321e-05
1.096816005273138014e-06,1.733360086681151507e-05
1.203005349423324184e-06,1.504630268209041530e-05
1.319475521676705910e-06,1.305055821999659121e-05
1.447221870741134366e-06,1.131053529774163409e-05
1.587336111010208705e-06,9.794640216146128833e-06
1.741015652304015331e-06,8.475036016605621311e-06
1.909573832878096448e-06,7.327212858123112608e-06
2.094451143151468901e-06,6.329605769003039574e-06
2.297227536071151343e-06,5.463254909959560084e-06
2.519635929317013282e-06,4.711503574814960214e-06
2.763577014736157548e-06,4.059729654270426769e-06
3.031135501567576034e-06,3.495106952346849002e-06
3.324597932270938332e-06,3.006393271320448204e-06
3.646472223212744903e-06,2.583742487371138493e-06
3.999509097203669772e-06,2.218538037747165048e-06
4.386725591048494378e-06,1.903245454448516201e-06
4.811430839003264423e-06,1.631281833791889208e-06
5.277254352483532008e-06,1.396900380673337642e-06
5.788177037701280115e-06,1.195088374019648167e-06
6.348565216305222930e-06,1.021477068500608242e-06
6.963207939763891358e-06,8.722621969745768146e-07
7.637357916378026724e-06,7.441338789112058232e-07
8.376776400682923638e-06,6.342148703039544345e-07
9.187782428863339748e-06,5.400062067709323088e-07
1.007730682094461773e-05,4.593393942049262886e-07
1.105295141126022199e-05,3.903343931228660227e-07
1.212305401337652729e-05,3.313627255159627172e-07
1.329675967466212602e-05,2.810151071743360000e-07
1.458409882943986393e-05,2.380730747436574407e-07
1.599607301861487752e-05,2.014841360024040084e-07
1.754474890833459822e-05,1.703400247779974953e-07
1.924336141115980055e-05,1.438576893145167273e-07
2.110642679101555104e-05,1.213375201463113397e-07
2.314986671851160856e-05,1.022516583248248780e-07
2.539114433680346642e-05,8.607402144717163265e-08
2.784941350080644140e-05,7.237615221152366943e-08
3.054568246515432163e-05,6.079049450297594193e-08
3.350299341977229842e-05,5.101638562312895810e-08
3.674661940736687922e-05,4.274119723458672630e-08
4.030428030568051443e-05,3.577729714680238571e-08
4.420637972028530196e-05,2.991336122461845732e-08
4.848626481239078214e-05,2.498127854752338397e-08
5.318051128214196547e-05,2.083774656916874816e-08
5.832923594286212095e-05,1.736074418265520734e-08
6.397643955748424092e-05,1.444648653076710400e-08
7.017038286703836689e-05,1.200679858805043793e-08
7.696399902471150959e-05,9.966852383646808146e-09
8.441534596012993945e-05,8.263219641152949957e-09
9.258810253973946442e-05,6.842197679949001641e-09
1.015521127634568086e-04,5.658371785427315470e-09
1.113839826482619416e-04,4.673381978558347004e-09
1.221677348996791812e-04,3.854866273461615699e-09
1.339955269659338412e-04,3.175556170402324770e-09
1.469684386112446071e-04,2.612503326585579554e-09
1.611973357388157043e-04,2.146419148650581653e-09
1.768038178457208417e-04,1.761111495259551773e-09
1.939212572065831012e-04,1.443004804067858318e-09
2.126959386668691900e-04,1.180731802365761027e-09
2.332883097864158460e-04,9.647865616500066509e-10
2.558743520168589233e-04,7.872300591905961588e-10
2.806470846309838869e-04,6.414406241808816092e-10
3.078182142565079478e-04,5.219027012622820188e-10
3.376199441111339922e-04,4.240282747201762253e-10
3.703069584005140493e-04,3.440060969020845617e-10
4.061585988376979588e-04,2.786745559659415609e-10
4.454812518844988400e-04,2.254146186213687351e-10
4.886109671160326559e-04,1.820597957539855268e-10
5.359163290848514881e-04,1.468205218452713630e-10
5.878016072274911547e-04,1.182207259201677899e-10
6.447102107323868887e-04,9.504470212596086876e-11
7.071284778942996639e-04,7.629267030588501127e-11
7.755898323389001994e-04,6.114365725894680290e-11
8.506793416364161154e-04,4.892453651430876639e-11
9.330387172620369486e-04,3.908424351795599677e-11
1.023371798632520275e-03,3.117233431353619758e-11
1.122450568085306974e-03,2.482118382139219567e-11
1.231121748203890722e-03,1.973122852308948429e-11
1.350314037869873715e-03,1.565875168701173025e-11
1.481046048880675734e-03,1.240578910651396945e-11
1.624435010958867089e-03,9.811800517072387600e-12
1.781706319545730676e-03,7.746808500855855798e-12
1.954204007974053459e-03,6.105754931031065051e-12
2.143402233514856738e-03,4.803866107114260136e-12
2.350917875457286636e-03,3.772852494400672114e-12
2.578524352884273892e-03,2.957797849100076920e-12
2.828166780230032939e-03,2.314616884868421319e-12
3.101978590138096837e-03,1.807981012477966335e-12
3.402299765678071415e-03,1.409628950566707094e-12
3.731696837732755619e-03,1.096993249958114300e-12
4.092984818452442136e-03,8.520855850563546208e-13
4.489251258218607613e-03,6.605937162172984161e-13
4.923882631706741689e-03,5.111511845978961703e-13
5.400593278542373601e-03,3.947477868398369621e-13
5.923457145875806254e-03,3.042545486141281947e-13
6.496942604146124095e-03,2.340416456740433802e-13
7.125950633568410228e-03,1.796716542185324930e-13
7.815856707684091381e-03,1.376537799386249304e-13
8.572556731909325087e-03,1.052472549188859154e-13
9.402517429670131932e-03,8.030444158502354936e-14
1.031283160672184784e-02,6.114583395826739238e-14
1.131127876593921409e-02,4.646065242203668511e-14
1.240639159058831882e-02,3.522798903878384245e-14
1.360752886424333036e-02,2.665434192552378037e-14
1.492495545051829124e-02,2.012424576894327462e-14
1.636993001611701873e-02,1.516134037270971698e-14
1.795480124687830539e-02,1.139771066181743559e-14
1.969311337907421466e-02,8.549815874750583986e-15
2.159972194782716973e-02,6.399613007502692109e-15
2.369092074182631985e-02,4.779797073813200400e-15
2.598458104929247253e-02,3.562278129789263220e-15
2.850030438518105086e-02,2.649210522148492470e-15
3.125959000482284034e-02,1.966019731640964784e-15
3.428601863556589996e-02,1.455998119479614825e-15
3.760545399658175858e-02,1.076123434808193198e-15
4.124626382901356442e-02,7.938320675336146903e-16
4.523956232538058064e-02,5.845356862198585282e-16
4.961947603002907908e-02,4.297099839374991106e-16
5.442343548300272033e-02,3.154350912765533542e-16
5.969249509970739331e-02,2.312753991466048721e-16
6.547168402004742427e-02,1.694257891814753044e-16
7.181039092537355728e-02,1.240655074213892050e-16
7.876278611187063905e-02,9.086133966205147456e-17
8.638828442740453806e-02,6.659880785524394020e-17
9.475205302806546936e-02,4.889710135035094160e-17
1.039255682936713054e-01,3.599521966960306683e-17
1.139872266616052537e-01,2.660169768762107806e-17
1.250230145991456099e-01,1.977223811295753552e-17
1.371272434398400908e-01,1.479657101612265348e-17
1.504033553638025045e-01,1.117172186639322510e-17
1.649648074098020722e-01,8.527286992259580725e-18
1.809360410738716507e-01,6.588884907845434732e-18
1.984535457805803316e-01,5.163011708426354904e-18
2.176670253153459023e-01,4.107898600639939438e-18
2.387406771860647037e-01,3.319890141594180598e-18
2.618545958474232660e-01,2.725912492204402903e-18
2.872063117797828413e-01,2.272617464464663586e-18
3.150124795755327445e-01,1.921982143558975774e-18
3.455107294592217881e-01,1.646024820448006143e-18
3.789616980644715527e-01,1.425523343825080798e-18
4.156512558225987641e-01,1.246167574693483974e-18
4.558929499981058675e-01,1.097845682030491254e-18
5.000306842491090142e-01,9.732903783404339427e-19
5.484416576121015074e-01,8.669753652868413521e-19
6.015395880274833074e-01,7.752759208466282414e-19
6.597782479539546774e-01,6.951598820551966771e-19
7.236553422869664853e-01,6.246551096587746734e-19
7.937167617217559812e-01,5.621286735276246131e-19
8.705612479099873457e-01,5.063279866562399857e-19
9.548455102782302806e-01,4.563544227746238477e-19
1.047289838236359572e+00,4.114328665776627646e-19
1.148684256737554810e+00,3.709477849284321247e-19
1.259895277795028523e+00,3.344056765656134322e-19
1.381873305653633421e+00,3.014162298776876429e-19
1.515660758900604366e+00,2.715514099175433843e-19
1.662400978926613426e+00,2.445555273146423589e-19
1.823348000868442176e+00,2.201437101985169877e-19
1.999877270535286966e+00,1.980294029091735300e-19
2.193497398905059903e+00,1.780634740334565169e-19
2.405863054644066690e+00,1.599810664666495424e-19
2.638789104828934473e+00,1.436467294569447237e-19
2.894266124716752042e+00,1.289059468768868806e-19
3.174477409109193626e+00,1.155694697736865712e-19
3.481817630688966325e+00,1.035543301510023482e-19
3.818913304781854201e+00,9.271282794478062864e-20
4.188645235435270564e+00,8.293478687791533714e-20
4.594173134636476696e+00,7.413526557801473727e-20
5.038962625065150469e+00,6.620842385931465519e-20
5.526814857144603188e+00,5.908157082962704924e-20
6.061898993497572441e+00,5.267916760459917727e-20
6.648787838417263174e+00,4.692349524213688546e-20
7.292496916841444410e+00,4.175863314096854394e-20
7.998527336796708020e+00,3.713187625580858530e-20
8.772912801613356848e+00,3.297935690941874519e-20
9.622271173675134293e+00,2.926608016252948475e-20
1.055386103036522805e+01,2.594343351532463265e-20
1.157564369553305639e+01,2.297523549733811691e-20
1.269635127659975282e+01,2.032341010534661875e-20
1.392556128874464783e+01,1.795840853271122392e-20
1.527377850390715608e+01,1.584954560396625417e-20
1.675252472408217130e+01,1.397385059158774855e-20
1.837443724610728424e+01,1.230444705404068337e-20
2.015337685941735302e+01,1.082142461268144752e-20
2.210454629971023621e+01,9.506364855818977339e-21
2.424462017082330689e+01,8.338713967807178969e-21
2.659188744512696445e+01,7.305403446855218300e-21
2.916640776023706394e+01,6.392494869135848519e-21
3.199018284775067045e+01,5.584397423320695124e-21
3.508734455902715155e+01,4.872412428167935288e-21
3.848436109487433043e+01,4.245010323229682668e-21
4.221026320156902756e+01,3.692664226587112496e-21
4.629689226627267828e+01,3.206537214055151271e-21
5.077917243205402542e+01,2.780847807863687385e-21
5.569540905800135988e+01,2.407120574390420774e-21
6.108761607505039848e+01,2.080601240051720444e-21
6.700187503509590670e+01,1.795572022206095666e-21
7.348872892180388305e+01,1.546309735064340820e-21
8.060361408861344046e+01,1.329027211075071960e-21
8.840733401525062618e+01,1.140572601118334452e-21
9.696657893145520291e+01,9.767881773363926970e-22
1.063544957486011242e+02,8.346896020047413931e-22
1.166513131698198436e+02,7.120829243156840335e-22
1.279450273207873465e+02,6.061018144318892338e-22
1.403321537605487492e+02,5.146662535600418485e-22
1.539185522990205470e+02,4.361395529437810194e-22
1.688203316700366088e+02,3.686657511543999362e-22
1.851648417912153946e+02,3.108974938061078245e-22
2.030917620904738783e+02,2.615063666886487573e-22
2.227542951999556351e+02,2.194289693099002790e-22
2.443204762186491621e+02,1.836130122146249173e-22
2.679746087325689246e+02,1.531903320471208284e-22
2.939188398646890050e+02,1.274746200709652267e-22
3.223748878149027064e+02,1.057391738112178159e-22
3.535859366535182744e+02,8.744169324290893576e-23
3.878187145610719426e+02,7.207248922307023255e-23
4.253657732750392029e+02,5.920773614254929229e-23
4.665479882234467937e+02,4.847252556719808626e-23
5.117173007114610073e+02,3.953944495017895321e-23
5.612597255954965476e+02,3.212637864069415286e-23
6.155986501483514530e+02,2.601045705843688251e-23
6.751984523072494540e+02,2.097058096741606171e-23
7.405684692262443605e+02,1.683730455358793296e-23
8.122673500479702398e+02,1.345958058376933214e-23
8.909078300934141907e+02,1.071173757106909225e-23
9.771619672696201633e+02,8.485830160530064349e-24
1.071766885445503476e+03,6.690278505655596308e-24
1.175531073878372354e+03,5.248726342944698100e-24
1.289341296525715734e+03,4.096560321624829751e-24
1.414170170289027055e+03,3.181048981821475032e-24
1.551084476952840532e+03,2.456415907376574823e-24
1.701254279852592617e+03,1.886551138882386997e-24
1.865962923181745964e+03,1.440517366502980461e-24
2.046617999391994090e+03,1.093553249513993331e-24
2.244763378413224018e+03,8.251584018209679151e-25
2.462092401494630394e+03,6.187484571884026796e-25
2.700462352420682237e+03,4.610516436229688479e-25
2.961910329772559635e+03,3.413192154720847881e-25
3.248670655878374873e+03,2.510048791718330414e-25
3.563193971228591181e+03,1.833191476464602871e-25
3.908168177536264011e+03,1.329606367179806882e-25
4.286541408420934204e+03,9.575387928301498258e-26
4.701547224022129740e+03,6.845743933887157749e-26
5.156732244854973942e+03,4.857684565408206560e-26
5.655986461065002004e+03,3.420808129678405559e-26
6.203576476104281937e+03,2.390394815388458267e-26
6.804181968927094204e+03,1.657274699631944187e-26
7.462935686310144774e+03,1.139715957951832401e-26
8.185467307069021444e+03,7.773133629130404426e-27
8.977951553033331948e+03,5.257038951743548883e-27
9.847160957933763711e+03,3.525371240687002824e-27
1.080052374516254167e+04,2.343703588097321511e-27
1.184618730902682364e+04,1.544119892803678419e-27
1.299308784200417176e+04,1.008044122287536504e-27
1.425102670302996557e+04,6.520541893021373715e-28
1.563075417945817389e+04,4.178940270314296857e-28
1.714406135851968429e+04,2.652553260072114109e-28
1.880388089340916486e+04,1.666944985419464161e-28
2.062439752514096836e+04,1.037081466335301141e-28
2.262116930469025829e+04,6.413366307323069950e-29
2.481126055137774893e+04,3.894817991473652882e-29
2.721338768375308791e+04,2.348998371119824792e-29
2.984807916924333404e+04,1.401253273892613873e-29
3.273785095948577509e+04,8.266693420797579469e-30
3.590739891061062372e+04,4.823173745710719171e-30
3.938380983288488642e+04,2.782736238725212355e-30
4.319679297334182047e+04,1.586242533427697012e-30
4.737893390963143611e+04,8.930984032168770237e-31
5.196597302486207627e+04,4.966981591912715467e-31
5.699711094326075545e+04,2.728635658181889493e-31
6.251534353689724230e+04,1.484418524102338380e-31
6.856782936641738343e+04,7.924049222488289959e-32
7.520629269592421770e+04,4.182171780920180217e-32
8.248746552614581014e+04,2.177158784000077453e-32
9.047357242349311127e+04,1.117961816744947493e-32
9.923286228832545748e+04,5.661002916213646783e-33
1.088401916069007711e+05,2.822013584957736157e-33
1.193776641714435682e+05,1.384867602118275300e-33
1.309353327353612112e+05,6.691783351663930166e-34
1.436119685999077337e+05,3.183717365026047869e-34
1.575159057091624418e+05,1.490960946028208963e-34
1.727659664669034246e+05,6.857473921701460943e-35
1.894924771873823483e+05,3.098245301856392584e-35
2.078383818579755607e+05,1.375480727607674504e-35
2.279604637318981986e+05,5.999886023554073057e-36
2.500306851906321244e+05,2.575067320620205139e-36
2.742376573264952167e+05,1.080622980424446464e-36
3.007882518043096061e+05,4.435741514505788463e-37
3.299093687770942342e+05,1.787888080353968816e-37
3.618498759642742807e+05,7.063299918108014133e-38
3.968827354637166136e+05,2.734157482889186809e-38
4.353073364731901092e+05,1.033211186024071787e-38
4.774520538566131145e+05,3.820136759976510693e-39
5.236770544204665930e+05,1.376711176219481612e-39
5.743773748826587107e+05,4.856614461336475830e-40
6.299862978380706627e+05,1.673839995897721934e-40
6.909790545715645421e+05,5.609257539125628846e-41
7.578768863625945523e+05,1.828035457592282635e-41
8.312514989890631987e+05,5.773109000552278894e-42
9.117299484984939918e+05,1.719142001134094548e-42
