9.999999999999999547e-07,2.019237820366404399e-05
1.096816005273138014e-06,1.754244201959173131e-05
1.203005349423324184e-06,1.522843120401341602e-05
1.319475521676705910e-06,1.320928549375677872e-05
1.447221870741134366e-06,1.144877455182721670e-05
1.587336111010208705e-06,9.914953048057073800e-06
1.741015652304015331e-06,8.579673616767101199e-06
1.909573832878096448e-06,7.418152520709352088e-06
2.094451143151468901e-06,6.408583219294740513e-06
2.297227536071151343e-06,5.531792921073999517e-06
2.519635929317013282e-06,4.770937291599604662e-06
2.763577014736157548e-06,4.111228993146131979e-06
3.031135501567576034e-06,3.539696404658378643e-06
3.324597932270938332e-06,3.044969402742944281e-06
3.646472223212744903e-06,2.617089394658219737e-06
3.999509097203669772e-06,2.247340995324233004e-06
4.386725591048494378e-06,1.928102957143143744e-06
4.811430839003264423e-06,1.652716218729717862e-06
5.277254352483532008e-06,1.415367190959227780e-06
5.788177037701280115e-06,1.210984608783887059e-06
6.348565216305222930e-06,1.035148447767367519e-06
6.963207939763891358e-06,8.840095553726012833e-07
7.637357916378026724e-06,7.542187893805213866e-07
8.376776400682923638e-06,6.428645875276863759e-07
9.187782428863339748e-06,5.474180099125828599e-07
1.007730682094461773e-05,4.656843995025149958e-07
1.105295141126022199e-05,3.957608988575170114e-07
1.212305401337652729e-05,3.359991447297078821e-07
1.329675967466212602e-05,2.849725371644081767e-07
1.458409882943986393e-05,2.414475467205645491e-07
1.599607301861487752e-05,2.043585832892987362e-07
1.754474890833459822e-05,1.727860034789063474e-07
1.924336141115980055e-05,1.459368814302848858e-07
2.110642679101555104e-05,1.231026706422532375e-07
2.314986671851160856e-05,1.037488795322935656e-07
2.539114433680346642e-05,8.734259496630362970e-08
2.784941350080644140e-05,7.344980674400561371e-08
3.054568246515432163e-05,6.169816142294384232e-08
3.350299341977229842e-05,5.178306261689021877e-08
3.674661940736687922e-05,4.338769112307157302e-08
4.030428030568051443e-05,3.632196004209708725e-08
4.420637972028530196e-05,3.037169195741038602e-08
4.848626481239078214e-05,2.536650102465519798e-08
5.318051128214196547e-05,2.116113115418704067e-08
5.832923594286212095e-05,1.763188546056739052e-08
6.397643955748424092e-05,1.467354313350942527e-08
7.017038286703836689e-05,1.219670005019604790e-08
7.696399902471150959e-05,1.012547737497534098e-08
8.441534596012993945e-05,8.395549374411040200e-09
9.258810253973946442e-05,6.952447809350623804e-09
1.015521127634568086e-04,5.750105687287492110e-09
1.113839826482619416e-04,4.749607933045358671e-09
1.221677348996791812e-04,3.918120739849441236e-09
1.339955269659338412e-04,3.227975062366285562e-09
1.469684386112446071e-04,2.655882943870378087e-09
1.611973357388157043e-04,2.182268202821379477e-09
1.768038178457208417e-04,1.790695476358935773e-09
1.939212572065831012e-04,1.467383768378151104e-09
2.126959386668691900e-04,1.200792516124156942e-09
2.332883097864158460e-04,9.812698087101777312e-10
2.558743520168589233e-04,8.007538102713770368e-10
2.806470846309838869e-04,6.525196692397447252e-10
3.078182142565079478e-04,5.309652630352389170e-10
3.376199441111339922e-04,4.314300488428700625e-10
3.703069584005140493e-04,3.500421011717410014e-10
4.061585988376979588e-04,2.835891168480498948e-10
4.454812518844988400e-04,2.294097761080249405e-10
4.886109671160326559e-04,1.853023670476657647e-10
5.359163290848514881e-04,1.494480292734844230e-10
5.878016072274911547e-04,1.203463643686506931e-10
6.447102107323868887e-04,9.676149537779405312e-11
7.071284778942996639e-04,7.767694343692969489e-11
7.755898323389001994e-04,6.225793314577937965e-11
8.506793416364161154e-04,4.981994815380180582e-11
9.330387172620369486e-04,3.980253989558367311e-11
1.023371798632520275e-03,3.174754562598901828e-11
1.122450568085306974e-03,2.528100166993632944e-11
1.231121748203890722e-03,2.009814799872026839e-11
1.350314037869873715e-03,1.595101486570209803e-11
1.481046048880675734e-03,1.263816319081320506e-11
1.624435010958867089e-03,9.996218529301644478e-12
1.781706319545730676e-03,7.892895911262551219e-12
1.954204007974053459e-03,6.221261780324697619e-12
2.143402233514856738e-03,4.895020957731757777e-12
2.350917875457286636e-03,3.844651835120154961e-12
2.578524352884273892e-03,3.014242294701720368e-12
2.828166780230032939e-03,2.358903598270102033e-12
3.101978590138096837e-03,1.842660169680775334e-12
3.402299765678071415e-03,1.436730728265894339e-12
3.731696837732755619e-03,1.118130693937153652e-12
4.092984818452442136e-03,8.685377801869734375e-13
4.489251258218607613e-03,6.733729005916337088e-13
4.923882631706741689e-03,5.210568008936724979e-13
5.400593278542373601e-03,4.024099273052800757e-13
5.923457145875806254e-03,3.101688049508773532e-13
6.496942604146124095e-03,2.385970072431967830e-13
7.125950633568410228e-03,1.831727950477370646e-13
7.815856707684091381e-03,1.403388268049094739e-13
8.572556731909325087e-03,1.073019219755160314e-13
9.402517429670131932e-03,8.187325156104317451e-14
1.031283160672184784e-02,6.234100727681525905e-14
1.131127876593921409e-02,4.736913329059864529e-14
1.240639159058831882e-02,3.591698741257139425e-14
1.360752886424333036e-02,2.717569487609948942e-14
1.492495545051829124e-02,2.051784207491976195e-14
1.636993001611701873e-02,1.545780370707450043e-14
1.795480124687830539e-02,1.162049670317645650e-14
1.969311337907421466e-02,8.716847861302143532e-15
2.159972194782716973e-02,6.524554117337903614e-15
2.369092074182631985e-02,4.873038049300962302e-15
2.598458104929247253e-02,3.631701952936636355e-15
2.850030438518105086e-02,2.700783103416978140e-15
3.125959000482284034e-02,2.004245031311257500e-15
3.428601863556589996e-02,1.484267991021215866e-15
3.760545399658175858e-02,1.096985847218997945e-15
4.124626382901356442e-02,8.091962536162075128e-16
4.523956232538058064e-02,5.958286603047492002e-16
4.961947603002907908e-02,4.379956007413404874e-16
5.442343548300272033e-02,3.215044586516363755e-16
5.969249509970739331e-02,2.357152974275236715e-16
6.547168402004742427e-02,1.726703090541786977e-16
7.181039092537355728e-02,1.264349916866496513e-16
7.876278611187063905e-02,9.259156013330399058e-17
8.638828442740453806e-02,6.786287927166213677e-17
9.475205302806546936e-02,4.982180671331688356e-17
1.039255682936713054e-01,3.667312666911466614e-17
1.139872266616052537e-01,2.710033486079466225e-17
1.250230145991456099e-01,2.014085288433045663e-17
1.371272434398400908e-01,1.507069148936280365e-17
1.504033553638025045e-01,1.137717942753073193e-17
1.649648074098020722e-01,8.682791965479094524e-18
1.809360410738716507e-01,6.707882915545531562e-18
1.984535457805803316e-01,5.255243342655349130e-18
2.176670253153459023e-01,4.180397608216271956e-18
2.387406771860647037e-01,3.377713757081405949e-18
2.618545958474232660e-01,2.772728404142202118e-18
2.872063117797828413e-01,2.311082207720615150e-18
3.150124795755327445e-01,1.954029451308377997e-18
3.455107294592217881e-01,1.673063157824475952e-18
3.789616980644715527e-01,1.448594332159113567e-18
4.156512558225987641e-01,1.266044936497167086e-18
4.558929499981058675e-01,1.115111442365547928e-18
5.000306842491090142e-01,9.883884063615766348e-19
5.484416576121015074e-01,8.802474745856994933e-19
6.015395880274833074e-01,7.869926056441329555e-19
6.597782479539546774e-01,7.055363639903794691e-19
7.236553422869664853e-01,6.338672552065727400e-19
7.937167617217559812e-01,5.703218394934829096e-19
8.705612479099873457e-01,5.136239837270918617e-19
9.548455102782302806e-01,4.628571985774467216e-19
1.047289838236359572e+00,4.172318057793140152e-19
1.148684256737554810e+00,3.761203304148952524e-19
1.259895277795028523e+00,3.390200126148428185e-19
1.381873305653633421e+00,3.055325723871247191e-19
1.515660758900604366e+00,2.752226833218129349e-19
1.662400978926613426e+00,2.478291272224165338e-19
1.823348000868442176e+00,2.230618023807841353e-19
1.999877270535286966e+00,2.006295022905632853e-19
2.193497398905059903e+00,1.803794599098087057e-19
2.405863054644066690e+00,1.620429145467720670e-19
2.638789104828934473e+00,1.454814977800846928e-19
2.894266124716752042e+00,1.305379148168928888e-19
3.174477409109193626e+00,1.170201888066998923e-19
3.481817630688966325e+00,1.048433436595324758e-19
3.818913304781854201e+00,9.385751021207196170e-20
4.188645235435270564e+00,8.395071908101531374e-20
4.594173134636476696e+00,7.503643612048513787e-20
5.038962625065150469e+00,6.700729688961053598e-20
5.526814857144603188e+00,5.978936996067056689e-20
6.061898993497572441e+00,5.330589204728792009e-20
6.648787838417263174e+00,4.747807314543762883e-20
7.292496916841444410e+00,4.224905249172058860e-20
7.998527336796708020e+00,3.756529728069335306e-20
8.772912801613356848e+00,3.336212553512691411e-20
9.622271173675134293e+00,2.960389566395326514e-20
1.055386103036522805e+01,2.624136404881169903e-20
1.157564369553305639e+01,2.323780419005508430e-20
1.269635127659975282e+01,2.055463601325129774e-20
1.392556128874464783e+01,1.816188230088807474e-20
1.527377850390715608e+01,1.602845121234806240e-20
1.675252472408217130e+01,1.413103373206255058e-20
1.837443724610728424e+01,1.244242985293101603e-20
2.015337685941735302e+01,1.094244825028927011e-20
2.210454629971023621e+01,9.612424755775213139e-21
2.424462017082330689e+01,8.431569979453311837e-21
2.659188744512696445e+01,7.386622843777468351e-21
2.916640776023706394e+01,6.463476532021751976e-21
3.199018284775067045e+01,5.646359545225321386e-21
3.508734455902715155e+01,4.926450723394320799e-21
3.848436109487433043e+01,4.292088308249751961e-21
4.221026320156902756e+01,3.733632895185973176e-21
4.629689226627267828e+01,3.242143856236284976e-21
5.077917243205402542e+01,2.811762847488017441e-21
5.569540905800135988e+01,2.433925714307768979e-21
6.108761607505039848e+01,2.103816256026405934e-21
6.700187503509590670e+01,1.815653969317975341e-21
7.348872892180388305e+01,1.563654103993241825e-21
8.060361408861344046e+01,1.343984006695583755e-21
8.840733401525062618e+01,1.153455293635320915e-21
9.696657893145520291e+01,9.878663310741127119e-22
1.063544957486011242e+02,8.441994996313153470e-22
1.166513131698198436e+02,7.202353192840288401e-22
1.279450273207873465e+02,6.130775503072661921e-22
1.403321537605487492e+02,5.206239353048179552e-22
1.539185522990205470e+02,4.412190902538798527e-22
1.688203316700366088e+02,3.729875707690558367e-22
1.851648417912153946e+02,3.145672862669424566e-22
2.030917620904738783e+02,2.646158116828095200e-22
2.227542951999556351e+02,2.220581419368475061e-22
2.443204762186491621e+02,1.858307740238737981e-22
2.679746087325689246e+02,1.550563038267576810e-22
2.939188398646890050e+02,1.290409749204546287e-22
3.223748878149027064e+02,1.070503661626201584e-22
3.535859366535182744e+02,8.853628957452214705e-23
3.878187145610719426e+02,7.298357318827993646e-23
4.253657732750392029e+02,5.996379598913391198e-23
4.665479882234467937e+02,4.909798052511531925e-23
5.117173007114610073e+02,4.005512762852755734e-23
5.612597255954965476e+02,3.255002086025698964e-23
6.155986501483514530e+02,2.635732382854018269e-23
6.751984523072494540e+02,2.125347600456368187e-23
7.405684692262443605e+02,1.706712487576495586e-23
8.122673500479702398e+02,1.364550749191115974e-23
8.909078300934141907e+02,1.086151627148093502e-23
9.771619672696201633e+02,8.605957258687000094e-24
1.071766885445503476e+03,6.786178004614155221e-24
1.175531073878372354e+03,5.324917774515647122e-24
1.289341296525715734e+03,4.156789028088844896e-24
1.414170170289027055e+03,3.228420772093254047e-24
1.551084476952840532e+03,2.493470993455503229e-24
1.701254279852592617e+03,1.915379708779510790e-24
1.865962923181745964e+03,1.462816402580156541e-24
2.046617999391994090e+03,1.110701170005489672e-24
2.244763378413224018e+03,8.382650778958777199e-25
2.462092401494630394e+03,6.287029524878802791e-25
2.700462352420682237e+03,4.685636731655039966e-25
2.961910329772559635e+03,3.469505491236449460e-25
3.248670655878374873e+03,2.551976688124119481e-25
3.563193971228591181e+03,1.864187697936350663e-25
3.908168177536264011e+03,1.352357482011609488e-25
4.286541408420934204e+03,9.741155069350387835e-26
4.701547224022129740e+03,6.965609380852744079e-26
5.156732244854973942e+03,4.943682579993867110e-26
5.655986461065002004e+03,3.482016677816448409e-26
6.203576476104281937e+03,2.433606556498900008e-26
6.804181968927094204e+03,1.687528917801773186e-26
7.462935686310144774e+03,1.160717066083728377e-26
8.185467307069021444e+03,7.917635727574314365e-27
8.977951553033331948e+03,5.355579887679971033e-27
9.847160957933763711e+03,3.591964771942127831e-27
1.080052374516254167e+04,2.388291920810620305e-27
1.184618730902682364e+04,1.573687242598672784e-27
1.299308784200417176e+04,1.027458938012009589e-27
1.425102670302996557e+04,6.646771610627910873e-28
1.563075417945817389e+04,4.260197901169932035e-28
1.714406135851968429e+04,2.704321454624314409e-28
1.880388089340916486e+04,1.699572604620519482e-28
2.062439752514096836e+04,1.057423992383321762e-28
2.262116930469025829e+04,6.539336775793812941e-29
2.481126055137774893e+04,3.971365117838776616e-29
2.721338768375308791e+04,2.395154862651008412e-29
2.984807916924333404e+04,1.428758772967287606e-29
3.273785095948577509e+04,8.428667374376083407e-30
3.590739891061062372e+04,4.917433720667979945e-30
3.938380983288488642e+04,2.836939990708287081e-30
4.319679297334182047e+04,1.617014857386578197e-30
4.737893390963143611e+04,9.103412101101375455e-31
5.196597302486207627e+04,5.062355930248309212e-31
5.699711094326075545e+04,2.780713304164631444e-31
6.251534353689724230e+04,1.512562955887626545e-31
6.856782936641738343e+04,8.073211915234119863e-32
7.520629269592421770e+04,4.260296872333500187e-32
8.248746552614581014e+04,2.217503234443364848e-32
9.047357242349311127e+04,1.138505848114895332e-32
9.923286228832545748e+04,5.764137342400930292e-33
1.088401916069007711e+05,2.872973540368754422e-33
1.193776641714435682e+05,1.409652447934161391e-33
1.309353327353612112e+05,6.810472301295518385e-34
1.436119685999077337e+05,3.239680686412127728e-34
1.575159057091624418e+05,1.516936871745579834e-34
1.727659664669034246e+05,6.975907898377551027e-35
1.894924771873823483e+05,3.151301389464579838e-35
2.078383818579755607e+05,1.398842155395643203e-35
2.279604637318981986e+05,6.100985072874142300e-36
2.500306851906321244e+05,2.618130121279800382e-36
2.742376573264952167e+05,1.098565418134868305e-36
3.007882518043096061e+05,4.508898309503131494e-37
3.299093687770942342e+05,1.817190192375817485e-37
3.618498759642742807e+05,7.178386129385210367e-38
3.968827354637166136e+05,2.778465601057673546e-38
4.353073364731901092e+05,1.049872445817370370e-38
4.774520538566131145e+05,3.881463972177532466e-39
5.236770544204665930e+05,1.398722677245770071e-39
5.743773748826587107e+05,4.933978997859611264e-40
6.299862978380706627e+05,1.700415573429883587e-40
6.909790545715645421e+05,5.698056514202852370e-41
7.578768863625945523e+05,1.856900311526585568e-41
8.312514989890631987e+05,5.864060451856399397e-42
9.117299484984939918e+05,1.746172906882468829e-42
