9.999999999999999547e-07,1.470448345942344513e-05
1.096816005273138014e-06,1.277759836472236395e-05
1.203005349423324184e-06,1.109431109890146418e-05
1.319475521676705910e-06,9.624976047888972300e-06
1.447221870741134366e-06,8.343412627621200184e-06
1.587336111010208705e-06,7.226517800243211489e-06
1.741015652304015331e-06,6.253919252653704790e-06
1.909573832878096448e-06,5.407665682067686974e-06
2.094451143151468901e-06,4.671950867785776455e-06
2.297227536071151343e-06,4.032868105759679910e-06
2.519635929317013282e-06,3.478191635673743818e-06
2.763577014736157548e-06,2.997182040699769431e-06
3.031135501567576034e-06,2.580413068822033903e-06
3.324597932270938332e-06,2.219617693712607987e-06
3.646472223212744903e-06,1.907551444831732358e-06
3.999509097203669772e-06,1.637871172372382634e-06
4.386725591048494378e-06,1.405027561686255528e-06
4.811430839003264423e-06,1.204169890917683847e-06
5.277254352483532008e-06,1.031061701665997283e-06
5.788177037701280115e-06,8.820061988860666809e-07
6.348565216305222930e-06,7.537803149487580487e-07
6.963207939763891358e-06,6.435764782593236685e-07
7.637357916378026724e-06,5.489512265812049471e-07
8.376776400682923638e-06,4.677798977642614906e-07
9.187782428863339748e-06,3.982167132542298083e-07
1.007730682094461773e-05,3.386596429327892774e-07
1.105295141126022199e-05,2.877195053876413354e-07
1.212305401337652729e-05,2.441928168546696532e-07
1.329675967466212602e-05,2.070379552496487466e-07
1.458409882943986393e-05,1.753542533105048491e-07
1.599607301861487752e-05,1.483636774822265347e-07
1.754474890833459822e-05,1.253947873298668306e-07
1.924336141115980055e-05,1.058687044817663254e-07
2.110642679101555104e-05,8.926834397911922784e-08
2.314986671851160856e-05,7.520328841549944009e-08
2.539114433680346642e-05,6.328481653534644332e-08
2.784941350080644140e-05,5.319626521176523521e-08
3.054568246515432163e-05,4.466601711127127045e-08
3.350299341977229842e-05,3.747191740969899356e-08
3.674661940736687922e-05,3.138302498864346717e-08
4.030428030568051443e-05,2.626075490624339283e-08
4.420637972028530196e-05,2.194905940769694466e-08
4.848626481239078214e-05,1.832383248596250384e-08
5.318051128214196547e-05,1.527931091412790626e-08
5.832923594286212095e-05,1.272546390421939415e-08
6.397643955748424092e-05,1.058573933317464020e-08
7.017038286703836689e-05,8.795119992732649759e-09
7.696399902471150959e-05,7.298449095229126921e-09
8.441534596012993945e-05,6.048989357208179258e-09
9.258810253973946442e-05,5.007184460380377853e-09
1.015521127634568086e-04,4.139595647693511411e-09
1.113839826482619416e-04,3.417989702193520039e-09
1.221677348996791812e-04,2.818557631498375873e-09
1.339955269659338412e-04,2.321246086930262206e-09
1.469684386112446071e-04,1.909185912186130701e-09
1.611973357388157043e-04,1.568204291012148646e-09
1.768038178457208417e-04,1.286408774496956034e-09
1.939212572065831012e-04,1.053833044300267332e-09
2.126959386668691900e-04,8.621356356360910105e-10
2.332883097864158460e-04,7.043440314637326265e-10
2.558743520168589233e-04,5.746375791579784921e-10
2.806470846309838869e-04,4.681635823347499403e-10
3.078182142565079478e-04,3.808817029047432134e-10
3.376199441111339922e-04,3.094324843306990514e-10
3.703069584005140493e-04,2.510264002601784955e-10
4.061585988376979588e-04,2.033503461836705504e-10
4.454812518844988400e-04,1.644889368769140958e-10
4.886109671160326559e-04,1.328583524536013677e-10
5.359163290848514881e-04,1.071508041636710726e-10
5.878016072274911547e-04,8.628797803710091415e-11
6.447102107323868887e-04,6.938205883983984541e-11
7.071284778942996639e-04,5.570314628568140916e-11
7.755898323389001994e-04,4.465205315167823956e-11
8.506793416364161154e-04,3.573762832072892814e-11
9.330387172620369486e-04,2.855788019393267261e-11
1.023371798632520275e-03,2.278428774319250991e-11
1.122450568085306974e-03,1.814878106279451542e-11
1.231121748203890722e-03,1.443295356086124600e-11
1.350314037869873715e-03,1.145913684842547885e-11
1.481046048880675734e-03,9.083028263715710464e-12
1.624435010958867089e-03,7.187610507460960100e-12
1.781706319545730676e-03,5.678144596473305872e-12
1.954204007974053459e-03,4.478052854386420767e-12
2.143402233514856738e-03,3.525538903288708266e-12
2.350917875457286636e-03,2.770817151129337081e-12
2.578524352884273892e-03,2.173845497699971698e-12
2.828166780230032939e-03,1.702472857443639544e-12
3.101978590138096837e-03,1.330928060304734101e-12
3.402299765678071415e-03,1.038589334073794620e-12
3.731696837732755619e-03,8.089840148920573401e-13
4.092984818452442136e-03,6.289767848670777238e-13
4.489251258218607613e-03,4.881120741452118442e-13
4.923882631706741689e-03,3.780822437603056519e-13
5.400593278542373601e-03,2.922982593949891360e-13
5.923457145875806254e-03,2.255437113337525196e-13
6.496942604146124095e-03,1.736964867273837971e-13
7.125950633568410228e-03,1.335052714591172266e-13
7.815856707684091381e-03,1.024104218479871368e-13
8.572556731909325087e-03,7.840063930013165222e-14
9.402517429670131932e-03,5.989853662876312513e-14
1.031283160672184784e-02,4.566943175582804041e-14
1.131127876593921409e-02,3.474881680864907912e-14
1.240639159058831882e-02,2.638457778877042586e-14
1.360752886424333036e-02,1.999169927847341092e-14
1.492495545051829124e-02,1.511579546484173403e-14
1.636993001611701873e-02,1.140479337859476959e-14
1.795480124687830539e-02,8.586438024214754751e-15
1.969311337907421466e-02,6.450643163446540846e-15
2.159972194782716973e-02,4.835638740183478053e-15
2.369092074182631985e-02,3.617127942730369121e-15
2.598458104929247253e-02,2.699813534913358360e-15
2.850030438518105086e-02,2.010793261249415539e-15
3.125959000482284034e-02,1.494420402709735298e-15
3.428601863556589996e-02,1.108314068250774617e-15
3.760545399658175858e-02,8.202717465755836981e-16
4.124626382901356442e-02,6.059043709485270887e-16
4.523956232538058064e-02,4.466707634515341601e-16
4.961947603002907908e-02,3.287122273179312620e-16
5.442343548300272033e-02,2.415144452480235309e-16
5.969249509970739331e-02,1.772002467076267950e-16
6.547168402004742427e-02,1.298678138245367082e-16
7.181039092537355728e-02,9.510755323352580409e-17
7.876278611187063905e-02,6.963194319545986501e-17
8.638828442740453806e-02,5.099646952227552763e-17
9.475205302806546936e-02,3.738814680838397821e-17
1.039255682936713054e-01,2.746333221038295788e-17
1.139872266616052537e-01,2.023488383910283757e-17
1.250230145991456099e-01,1.497987154484732098e-17
1.371272434398400908e-01,1.115327361828404479e-17
1.504033553638025045e-01,8.368737453554512463e-18
1.649648074098020722e-01,6.341153478654494127e-18
1.809360410738716507e-01,4.858940053189586837e-18
1.984535457805803316e-01,3.772736468843664928e-18
2.176670253153459023e-01,2.972967793034839744e-18
2.387406771860647037e-01,2.379304346515591751e-18
2.618545958474232660e-01,1.935185309401185519e-18
2.872063117797828413e-01,1.599226231287563379e-18
3.150124795755327445e-01,1.341901094250401432e-18
3.455107294592217881e-01,1.141546453048453459e-18
3.789616980644715527e-01,9.832113894105313468e-19
4.156512558225987641e-01,8.558351881684226491e-19
4.558929499981058675e-01,7.515959346794241456e-19
5.000306842491090142e-01,6.648799198289901300e-19
5.484416576121015074e-01,5.914688886532758595e-19
6.015395880274833074e-01,5.285809806253595541e-19
6.597782479539546774e-01,4.739280904646322252e-19
7.236553422869664853e-01,4.260274759385734904e-19
7.937167617217559812e-01,3.836650800172845809e-19
8.705612479099873457e-01,3.459270561682065045e-19
9.548455102782302806e-01,3.121623023501511296e-19
1.047289838236359572e+00,2.818166229976283906e-19
1.148684256737554810e+00,2.544607847597926366e-19
1.259895277795028523e+00,2.297505388380248817e-19
1.381873305653633421e+00,2.074200426561438681e-19
1.515660758900604366e+00,1.871783200772162954e-19
1.662400978926613426e+00,1.688541912359263432e-19
1.823348000868442176e+00,1.522584573675581186e-19
1.999877270535286966e+00,1.371979608110249038e-19
2.193497398905059903e+00,1.235777290733054166e-19
2.405863054644066690e+00,1.112191486045567893e-19
2.638789104828934473e+00,1.000349530812401777e-19
2.894266124716752042e+00,8.992358350135377036e-20
3.174477409109193626e+00,8.075739317401292639e-20
3.481817630688966325e+00,7.248448888072633630e-20
3.818913304781854201e+00,6.500522350136495903e-20
4.188645235435270564e+00,5.824679195818627371e-20
4.594173134636476696e+00,5.215337516117155508e-20
5.038962625065150469e+00,4.665380952042479693e-20
5.526814857144603188e+00,4.170002109718699352e-20
6.061898993497572441e+00,3.724162246041339161e-20
6.648787838417263174e+00,3.322599390469603071e-20
7.292496916841444410e+00,2.961585386207566161e-20
7.998527336796708020e+00,2.637616768003283539e-20
8.772912801613356848e+00,2.346288694755053185e-20
9.622271173675134293e+00,2.085326688335640104e-20
1.055386103036522805e+01,1.851392787188124197e-20
1.157564369553305639e+01,1.642046218743546293e-20
1.269635127659975282e+01,1.454677816376998208e-20
1.392556128874464783e+01,1.287283350733926925e-20
1.527377850390715608e+01,1.137755551539075438e-20
1.675252472408217130e+01,1.004539994646933247e-20
1.837443724610728424e+01,8.857680137875402077e-21
2.015337685941735302e+01,7.800796864822755045e-21
2.210454629971023621e+01,6.862114308698186542e-21
2.424462017082330689e+01,6.027223696114325708e-21
2.659188744512696445e+01,5.287210792041109039e-21
2.916640776023706394e+01,4.632425714343855304e-21
3.199018284775067045e+01,4.051837906191752389e-21
3.508734455902715155e+01,3.539556607601397859e-21
3.848436109487433043e+01,3.087458560647622584e-21
4.221026320156902756e+01,2.688828369332202436e-21
4.629689226627267828e+01,2.337455791953216308e-21
5.077917243205402542e+01,2.029363998308916888e-21
5.569540905800135988e+01,1.758475874404343909e-21
6.108761607505039848e+01,1.521497959332300890e-21
6.700187503509590670e+01,1.314368400708157391e-21
7.348872892180388305e+01,1.132971455799353083e-21
8.060361408861344046e+01,9.746416284594205868e-22
8.840733401525062618e+01,8.371681450666819650e-22
9.696657893145520291e+01,7.175402353153688317e-22
1.063544957486011242e+02,6.136273820804344989e-22
1.166513131698198436e+02,5.238811090746451680e-22
1.279450273207873465e+02,4.462183918699093089e-22
1.403321537605487492e+02,3.791418669097172777e-22
1.539185522990205470e+02,3.214839371571312658e-22
1.688203316700366088e+02,2.718938153432657850e-22
1.851648417912153946e+02,2.294010313130843774e-22
2.030917620904738783e+02,1.930397514295837120e-22
2.227542951999556351e+02,1.620405086618539114e-22
2.443204762186491621e+02,1.356353205628199032e-22
2.679746087325689246e+02,1.131912472073839369e-22
2.939188398646890050e+02,9.420969218555394327e-23
3.223748878149027064e+02,7.815723451023848982e-23
3.535859366535182744e+02,6.463791902332286644e-23
3.878187145610719426e+02,5.327778712525275138e-23
4.253657732750392029e+02,4.376594160110793102e-23
4.665479882234467937e+02,3.582672928711391697e-23
5.117173007114610073e+02,2.921918648625727874e-23
5.612597255954965476e+02,2.373537285887076849e-23
6.155986501483514530e+02,1.921126317145573983e-23
6.751984523072494540e+02,1.548328198144042258e-23
7.405684692262443605e+02,1.242635925734168752e-23
8.122673500479702398e+02,9.928794026595301695e-24
8.909078300934141907e+02,7.897595267710461520e-24
9.771619672696201633e+02,6.252831346920275343e-24
1.071766885445503476e+03,4.926664299312463051e-24
1.175531073878372354e+03,3.862522026196374073e-24
1.289341296525715734e+03,3.012503143990611927e-24
1.414170170289027055e+03,2.337526761011276063e-24
1.551084476952840532e+03,1.803660324949076502e-24
1.701254279852592617e+03,1.384143288458952261e-24
1.865962923181745964e+03,1.056055693741155410e-24
2.046617999391994090e+03,8.010588307599734099e-25
2.244763378413224018e+03,6.039798429103453388e-25
2.462092401494630394e+03,4.525530202138871947e-25
2.700462352420682237e+03,3.369685204452325901e-25
2.961910329772559635e+03,2.492896848080106933e-25
3.248670655878374873e+03,1.832121119668590643e-25
3.563193971228591181e+03,1.337333492282677872e-25
3.908168177536264011e+03,9.695070978486938712e-26
4.286541408420934204e+03,6.979468517453477345e-26
4.701547224022129740e+03,4.988535973782376282e-26
5.156732244854973942e+03,3.539343833464611986e-26
5.655986461065002004e+03,2.492434527395547482e-26
6.203576476104281937e+03,1.741935049915465347e-26
6.804181968927094204e+03,1.208077801188443369e-26
7.462935686310144774e+03,8.312123264935908311e-27
8.185467307069021444e+03,5.672948885878787038e-27
8.977951553033331948e+03,3.840052535399369360e-27
9.847160957933763711e+03,2.577936242387269097e-27
1.080052374516254167e+04,1.716062884463449728e-27
1.184618730902682364e+04,1.132325463937318329e-27
1.299308784200417176e+04,7.405033393203997717e-28
1.425102670302996557e+04,4.799375672838521627e-28
1.563075417945817389e+04,3.082586527004451461e-28
1.714406135851968429e+04,1.961358365288087081e-28
1.880388089340916486e+04,1.235815583813051181e-28
2.062439752514096836e+04,7.710368382925404971e-29
2.262116930469025829e+04,4.782500798940676027e-29
2.481126055137774893e+04,2.913763852396469678e-29
2.721338768375308791e+04,1.763262159931087880e-29
2.984807916924333404e+04,1.055568770202719933e-29
3.273785095948577509e+04,6.250223550100080965e-30
3.590739891061062372e+04,3.660483402165968661e-30
3.938380983288488642e+04,2.120109347430128727e-30
4.319679297334182047e+04,1.213302577233622569e-30
4.737893390963143611e+04,6.858564543271114528e-31
5.196597302486207627e+04,3.829744825823479978e-31
5.699711094326075545e+04,2.112345563950437730e-31
6.251534353689724230e+04,1.153729856826733930e-31
6.856782936641738343e+04,6.183153479889656579e-32
7.520629269592421770e+04,3.276009968072482386e-32
8.248746552614581014e+04,1.711883480502418596e-32
9.047357242349311127e+04,8.822775814873899957e-33
9.923286228832545748e+04,4.483460483685396544e-33
1.088401916069007711e+05,2.242626483908520488e-33
1.193776641714435682e+05,1.104116467880167102e-33
1.309353327353612112e+05,5.351632875959912670e-34
1.436119685999077337e+05,2.553549114414932244e-34
1.575159057091624418e+05,1.199132406297647821e-34
1.727659664669034246e+05,5.529326606207588747e-35
1.894924771873823483e+05,2.504088006542716587e-35
2.078383818579755607e+05,1.114132027094294014e-35
2.279604637318981986e+05,4.869663740823238524e-36
2.500306851906321244e+05,2.093849842866329484e-36
2.742376573264952167e+05,8.801442107031822815e-37
3.007882518043096061e+05,3.618244956483936942e-37
3.299093687770942342e+05,1.460359746176453112e-37
3.618498759642742807e+05,5.776382344167274566e-38
3.968827354637166136e+05,2.238440458740192188e-38
4.353073364731901092e+05,8.466943974044484037e-39
4.774520538566131145e+05,3.133161336683280988e-39
5.236770544204665930e+05,1.129980667394957528e-39
5.743773748826587107e+05,3.988854815810979494e-40
6.299862978380706627e+05,1.375564567683755236e-40
6.909790545715645421e+05,4.612006328685049211e-41
7.578768863625945523e+05,1.503690003559244464e-41
8.312514989890631987e+05,4.750599394512696168e-42
9.117299484984939918e+05,1.415115683146993473e-42
