9.999999999999999547e-07,2.038380896920819499e-05
1.096816005273138014e-06,1.770964752990693148e-05
1.203005349423324184e-06,1.537437937599535600e-05
1.319475521676705910e-06,1.333659198789234516e-05
1.447221870741134366e-06,1.155974334614175176e-05
1.587336111010208705e-06,1.001161246874601401e-05
1.741015652304015331e-06,8.663808314484873257e-06
1.909573832878096448e-06,7.491331835366050509e-06
2.094451143151468901e-06,6.472186334032032487e-06
2.297227536071151343e-06,5.587031163599084915e-06
2.519635929317013282e-06,4.818873899790435913e-06
2.763577014736157548e-06,4.152796625111096215e-06
3.031135501567576034e-06,3.575712642547227154e-06
3.324597932270938332e-06,3.076150473359737535e-06
3.646472223212744903e-06,2.644062306437885197e-06
3.999509097203669772e-06,2.270654269555913806e-06
4.386725591048494378e-06,1.948236111546629386e-06
4.811430839003264423e-06,1.670088143917077260e-06
5.277254352483532008e-06,1.430343544875464535e-06
5.788177037701280115e-06,1.223884340549619554e-06
6.348565216305222930e-06,1.046249550103634902e-06
6.963207939763891358e-06,8.935541338028891516e-07
7.637357916378026724e-06,7.624175265968405303e-07
8.376776400682923638e-06,6.499006725816342499e-07
9.187782428863339748e-06,5.534505941256085342e-07
1.007730682094461773e-05,4.708516340657930813e-07
1.105295141126022199e-05,4.001826029186366554e-07
1.212305401337652729e-05,3.397791472637222443e-07
1.329675967466212602e-05,2.882007310295520312e-07
1.458409882943986393e-05,2.442016889387268165e-07
1.599607301861487752e-05,2.067058717106225330e-07
1.754474890833459822e-05,1.747844565357816630e-07
1.924336141115980055e-05,1.476365446151405262e-07
2.110642679101555104e-05,1.245463648674405444e-07
2.314986671851160856e-05,1.049740672481438629e-07
2.539114433680346642e-05,8.838120815066634537e-08
2.784941350080644140e-05,7.432928030268812365e-08
3.054568246515432163e-05,6.244204237258450597e-08
3.350299341977229842e-05,5.241170871201324779e-08
3.674661940736687922e-05,4.391805674983556706e-08
4.030428030568051443e-05,3.676900822414399508e-08
4.420637972028530196e-05,3.074806659992695317e-08
4.848626481239078214e-05,2.568299627132798724e-08
5.318051128214196547e-05,2.142695170991725370e-08
5.832923594286212095e-05,1.785487174528534320e-08
6.397643955748424092e-05,1.486036581847809607e-08
7.017038286703836689e-05,1.235302796547213507e-08
7.696399902471150959e-05,1.025612228022289764e-08
8.441534596012993945e-05,8.504590647728138619e-09
9.258810253973946442e-05,7.043339722993837324e-09
1.015521127634568086e-04,5.825769599875768754e-09
1.113839826482619416e-04,4.812511429570003312e-09
1.221677348996791812e-04,3.970345488947482582e-09
1.339955269659338412e-04,3.271274930909654093e-09
1.469684386112446071e-04,2.691733707889903154e-09
1.611973357388157043e-04,2.211910017972121390e-09
1.768038178457208417e-04,1.815169117473516052e-09
1.939212572065831012e-04,1.487561513401975779e-09
2.126959386668691900e-04,1.217404432509676153e-09
2.332883097864158460e-04,9.949260979501465536e-10
2.558743520168589233e-04,8.119637771069604592e-10
2.806470846309838869e-04,6.617078043738460170e-10
3.078182142565079478e-04,5.384848606200837700e-10
3.376199441111339922e-04,4.375747211913787286e-10
3.703069584005140493e-04,3.550555022062187256e-10
4.061585988376979588e-04,2.876731416289485082e-10
4.454812518844988400e-04,2.327314656422314994e-10
4.886109671160326559e-04,1.879997145718077786e-10
5.359163290848514881e-04,1.516348557017286321e-10
5.878016072274911547e-04,1.221164060929211212e-10
6.447102107323868887e-04,9.819182657012811712e-11
7.071284778942996639e-04,7.883083675948968812e-11
7.755898323389001994e-04,6.318724743191071305e-11
8.506793416364161154e-04,5.056711806208308119e-11
9.330387172620369486e-04,4.040223127697420257e-11
1.023371798632520275e-03,3.222803055529611138e-11
1.122450568085306974e-03,2.566529877287457376e-11
1.231121748203890722e-03,2.040496659512253891e-11
1.350314037869873715e-03,1.619553539209818357e-11
1.481046048880675734e-03,1.283268122170579370e-11
1.624435010958867089e-03,1.015067534871823100e-11
1.781706319545730676e-03,8.015314878852363573e-12
1.954204007974053459e-03,6.318106599093753039e-12
2.143402233514856738e-03,4.971489303086934904e-12
2.350917875457286636e-03,3.904915579015109405e-12
2.578524352884273892e-03,3.061643682137925248e-12
2.828166780230032939e-03,2.396115159036893383e-12
3.101978590138096837e-03,1.871814825380311066e-12
3.402299765678071415e-03,1.459527450869303295e-12
3.731696837732755619e-03,1.135920147531936962e-12
4.092984818452442136e-03,8.823916047945795065e-13
4.489251258218607613e-03,6.841396545779042270e-13
4.923882631706741689e-03,5.294070423273163659e-13
5.400593278542373601e-03,4.088724711235842310e-13
5.923457145875806254e-03,3.151598247829788286e-13
6.496942604146124095e-03,2.424433463974681763e-13
7.125950633568410228e-03,1.861306003482666442e-13
7.815856707684091381e-03,1.426084133625277432e-13
8.572556731909325087e-03,1.090396054962231423e-13
9.402517429670131932e-03,8.320074759116275666e-14
1.031283160672184784e-02,6.335288162756439175e-14
1.131127876593921409e-02,4.813869462208676629e-14
1.240639159058831882e-02,3.650093800639256019e-14
1.360752886424333036e-02,2.761779294347979455e-14
1.492495545051829124e-02,2.085177922780113614e-14
1.636993001611701873e-02,1.570946088099552601e-14
1.795480124687830539e-02,1.180970842822221937e-14
1.969311337907421466e-02,8.858779091850342792e-15
2.159972194782716973e-02,6.630772004982959716e-15
2.369092074182631985e-02,4.952344375785437570e-15
2.598458104929247253e-02,3.690778049094677141e-15
2.850030438518105086e-02,2.744688340142258382e-15
3.125959000482284034e-02,2.036801142781490494e-15
3.428601863556589996e-02,1.508354680510746111e-15
3.760545399658175858e-02,1.114767565937453519e-15
4.124626382901356442e-02,8.222957599818557502e-16
4.523956232538058064e-02,6.054595161808565089e-16
4.961947603002907908e-02,4.450630233143224028e-16
5.442343548300272033e-02,3.266819502407341771e-16
5.969249509970739331e-02,2.395026722024873305e-16
6.547168402004742427e-02,1.754375142760621508e-16
7.181039092537355728e-02,1.284551714335170783e-16
7.876278611187063905e-02,9.406585045947874043e-17
8.638828442740453806e-02,6.893903094110389279e-17
9.475205302806546936e-02,5.060807675553018897e-17
1.039255682936713054e-01,3.724858952820867878e-17
1.139872266616052537e-01,2.752269890825220229e-17
1.250230145991456099e-01,2.045221803154890508e-17
1.371272434398400908e-01,1.530143771064159605e-17
1.504033553638025045e-01,1.154939990738433196e-17
1.649648074098020722e-01,8.812491206984605776e-18
1.809360410738716507e-01,6.806561758906663560e-18
1.984535457805803316e-01,5.331231873780597677e-18
2.176670253153459023e-01,4.239709821803195146e-18
2.387406771860647037e-01,3.424669238763871592e-18
2.618545958474232660e-01,2.810457777667997412e-18
2.872063117797828413e-01,2.341849850399217679e-18
3.150124795755327445e-01,1.979479628099230994e-18
3.455107294592217881e-01,1.694391954736089238e-18
3.789616980644715527e-01,1.466682100458462441e-18
4.156512558225987641e-01,1.281543746251335192e-18
4.558929499981058675e-01,1.128509277052142125e-18
5.000306842491090142e-01,1.000054871069857275e-18
5.484416576121015074e-01,8.904661150568702941e-19
6.015395880274833074e-01,7.959855774335847731e-19
6.597782479539546774e-01,7.134794944900257384e-19
7.236553422869664853e-01,6.409030054689915931e-19
7.937167617217559812e-01,5.765669871922068839e-19
8.705612479099873457e-01,5.191758805055925011e-19
9.548455102782302806e-01,4.677982839475121269e-19
1.047289838236359572e+00,4.216324838598180645e-19
1.148684256737554810e+00,3.800413754473408274e-19
1.259895277795028523e+00,3.425146173411279982e-19
1.381873305653633421e+00,3.086474621230758624e-19
1.515660758900604366e+00,2.779989257637382747e-19
1.662400978926613426e+00,2.503032043754473602e-19
1.823348000868442176e+00,2.252661398551238602e-19
1.999877270535286966e+00,2.025929271298449381e-19
2.193497398905059903e+00,1.821278308413008941e-19
2.405863054644066690e+00,1.635991689350961883e-19
2.638789104828934473e+00,1.468662309962210720e-19
2.894266124716752042e+00,1.317695682862726874e-19
3.174477409109193626e+00,1.181151666394324676e-19
3.481817630688966325e+00,1.058164311193836597e-19
3.818913304781854201e+00,9.472185821177066465e-20
4.188645235435270564e+00,8.471812350834237142e-20
4.594173134636476696e+00,7.571743837215984965e-20
5.038962625065150469e+00,6.761130608385439901e-20
5.526814857144603188e+00,6.032484000122508671e-20
6.061898993497572441e+00,5.378034135097771577e-20
6.648787838417263174e+00,4.789822551416730469e-20
7.292496916841444410e+00,4.262090605518124550e-20
7.998527336796708020e+00,3.789422858556915249e-20
8.772912801613356848e+00,3.365290245080895599e-20
9.622271173675134293e+00,2.986079162354175265e-20
1.055386103036522805e+01,2.646818289395256012e-20
1.157564369553305639e+01,2.343793700475737213e-20
1.269635127659975282e+01,2.073109895817477976e-20
1.392556128874464783e+01,1.831736861192689718e-20
1.527377850390715608e+01,1.616534992306450802e-20
1.675252472408217130e+01,1.425148001875538825e-20
1.837443724610728424e+01,1.254831813697250329e-20
2.015337685941735302e+01,1.103546182860577718e-20
2.210454629971023621e+01,9.694063594949197268e-21
2.424462017082330689e+01,8.503159265617133893e-21
2.659188744512696445e+01,7.449341600996253118e-21
2.916640776023706394e+01,6.518380059320308722e-21
3.199018284775067045e+01,5.694366508788049819e-21
3.508734455902715155e+01,4.968389218563838959e-21
3.848436109487433043e+01,4.328687583139377385e-21
4.221026320156902756e+01,3.765537362275786220e-21
4.629689226627267828e+01,3.269920486634265483e-21
5.077917243205402542e+01,2.835921338418500828e-21
5.569540905800135988e+01,2.454908777447323951e-21
6.108761607505039848e+01,2.122020304269160823e-21
6.700187503509590670e+01,1.831428386839572461e-21
7.348872892180388305e+01,1.577301394344282035e-21
8.060361408861344046e+01,1.355772501575626906e-21
8.840733401525062618e+01,1.163626097632212377e-21
9.696657893145520291e+01,9.966269216379609578e-22
1.063544957486011242e+02,8.517321401438858679e-22
1.166513131698198436e+02,7.267030916590557013e-22
1.279450273207873465e+02,6.186205346235355004e-22
1.403321537605487492e+02,5.253652668725695835e-22
1.539185522990205470e+02,4.452676937354254975e-22
1.688203316700366088e+02,3.764373382095594579e-22
1.851648417912153946e+02,3.175008308134539558e-22
2.030917620904738783e+02,2.671049344445852833e-22
2.227542951999556351e+02,2.241657059012255582e-22
2.443204762186491621e+02,1.876109333410887455e-22
2.679746087325689246e+02,1.565560408256539286e-22
2.939188398646890050e+02,1.303015038168421730e-22
3.223748878149027064e+02,1.081068570940788543e-22
3.535859366535182744e+02,8.941932069746518746e-23
3.878187145610719426e+02,7.371942285433725940e-23
4.253657732750392029e+02,6.057513560773557008e-23
4.665479882234467937e+02,4.960427793840039450e-23
5.117173007114610073e+02,4.047301948499747890e-23
5.612597255954965476e+02,3.289369064483195430e-23
6.155986501483514530e+02,2.663900403962428823e-23
6.751984523072494540e+02,2.148344087377258324e-23
7.405684692262443605e+02,1.725413259413428623e-23
8.122673500479702398e+02,1.379694785671621326e-23
8.909078300934141907e+02,1.098363220082179967e-23
9.771619672696201633e+02,8.703992373981148753e-24
1.071766885445503476e+03,6.864515939468707991e-24
1.175531073878372354e+03,5.387215840579048611e-24
1.289341296525715734e+03,4.206081820320104308e-24
1.414170170289027055e+03,3.267227811293552645e-24
1.551084476952840532e+03,2.523855360958589599e-24
1.701254279852592617e+03,1.939040984455094274e-24
1.865962923181745964e+03,1.481136005284020347e-24
2.046617999391994090e+03,1.124802463158945762e-24
2.244763378413224018e+03,8.490535750292658207e-25
2.462092401494630394e+03,6.369048184033768522e-25
2.700462352420682237e+03,4.747592251348441530e-25
2.961910329772559635e+03,3.515996405885846774e-25
3.248670655878374873e+03,2.586626365105774691e-25
3.563193971228591181e+03,1.889829572235492981e-25
3.908168177536264011e+03,1.371198057446219437e-25
4.286541408420934204e+03,9.878573853436563968e-26
4.701547224022129740e+03,7.065082060316411134e-26
5.156732244854973942e+03,5.015126704626061120e-26
5.655986461065002004e+03,3.532922159921824194e-26
6.203576476104281937e+03,2.469584345472008123e-26
6.804181968927094204e+03,1.712746565656672162e-26
7.462935686310144774e+03,1.178241848379484705e-26
8.185467307069021444e+03,8.038356529424699542e-27
8.977951553033331948e+03,5.437998905332798912e-27
9.847160957933763711e+03,3.647728309134158959e-27
1.080052374516254167e+04,2.425672977153047771e-27
1.184618730902682364e+04,1.598504816722812563e-27
1.299308784200417176e+04,1.043774448373978015e-27
1.425102670302996557e+04,6.752978457729596869e-28
1.563075417945817389e+04,4.328649071451417542e-28
1.714406135851968429e+04,2.747983850925090336e-28
1.880388089340916486e+04,1.727124988161675310e-28
2.062439752514096836e+04,1.074623189724432906e-28
2.262116930469025829e+04,6.645971362030569567e-29
2.481126055137774893e+04,4.036241672869239931e-29
2.721338768375308791e+04,2.434321495034575881e-29
2.984807916924333404e+04,1.452126881645115233e-29
3.273785095948577509e+04,8.566440506301223487e-30
3.590739891061062372e+04,4.997704132029247230e-30
3.938380983288488642e+04,2.883152416358058867e-30
4.319679297334182047e+04,1.643280111621572458e-30
4.737893390963143611e+04,9.250748462883193239e-31
5.196597302486207627e+04,5.143939306426738975e-31
5.699711094326075545e+04,2.825307264298015358e-31
6.251534353689724230e+04,1.536687336698895860e-31
6.856782936641738343e+04,8.201193313744519603e-32
7.520629269592421770e+04,4.327390310597594984e-32
8.248746552614581014e+04,2.252181420990414529e-32
9.047357242349311127e+04,1.156179280317095603e-32
9.923286228832545748e+04,5.852930681704266307e-33
1.088401916069007711e+05,2.916879394771717999e-33
1.193776641714435682e+05,1.431020815426356437e-33
1.309353327353612112e+05,6.912863585803567093e-34
1.436119685999077337e+05,3.287986566927067202e-34
1.575159057091624418e+05,1.539369890321863491e-34
1.727659664669034246e+05,7.078234000382477523e-35
1.894924771873823483e+05,3.197159274987097703e-35
2.078383818579755607e+05,1.419040895495029083e-35
2.279604637318981986e+05,6.188422407086846660e-36
2.500306851906321244e+05,2.655382754106135812e-36
2.742376573264952167e+05,1.114089991911811544e-36
3.007882518043096061e+05,4.572206280140483491e-37
3.299093687770942342e+05,1.842550394475594117e-37
3.618498759642742807e+05,7.277998585919173189e-38
3.968827354637166136e+05,2.816818512869098878e-38
4.353073364731901092e+05,1.064294789580421095e-38
4.774520538566131145e+05,3.934550643134771822e-39
5.236770544204665930e+05,1.417776388923728105e-39
5.743773748826587107e+05,5.000946539638915432e-40
6.299862978380706627e+05,1.723419061306483280e-40
6.909790545715645421e+05,5.774917215772654320e-41
7.578768863625945523e+05,1.881883602327217501e-41
8.312514989890631987e+05,5.942778319653837814e-42
9.117299484984939918e+05,1.769567104140141906e-42
