9.999999999999999547e-07,1.948317961303206838e-05
1.096816005273138014e-06,1.692408275177562563e-05
1.203005349423324184e-06,1.468962200309156449e-05
1.319475521676705910e-06,1.274009953035579279e-05
1.447221870741134366e-06,1.104048751280025303e-05
1.587336111010208705e-06,9.559901493092326548e-06
1.741015652304015331e-06,8.271129597973951513e-06
1.909573832878096448e-06,7.150212654122232902e-06
2.094451143151468901e-06,6.176070572846027113e-06
2.297227536071151343e-06,5.330170259606529823e-06
2.519635929317013282e-06,4.596230390095378083e-06
2.763577014736157548e-06,3.959958881303844709e-06
3.031135501567576034e-06,3.408819533876656972e-06
3.324597932270938332e-06,2.931824835193973106e-06
3.646472223212744903e-06,2.519352211065049103e-06
3.999509097203669772e-06,2.162981207208611927e-06
4.386725591048494378e-06,1.855349290452098667e-06
4.811430839003264423e-06,1.590024207736601511e-06
5.277254352483532008e-06,1.361391084458112957e-06
5.788177037701280115e-06,1.164552646350428329e-06
6.348565216305222930e-06,9.952411136363258494e-07
6.963207939763891358e-06,8.497404620147125579e-07
7.637357916378026724e-06,7.248178825065996006e-07
8.376776400682923638e-06,6.176633994168081132e-07
9.187782428863339748e-06,5.258367191669497823e-07
1.007730682094461773e-05,4.472204830607859518e-07
1.105295141126022199e-05,3.799791867406568889e-07
1.212305401337652729e-05,3.225231098745553313e-07
1.329675967466212602e-05,2.734766721188523634e-07
1.458409882943986393e-05,2.316506962048999665e-07
1.599607301861487752e-05,1.960181169121407958e-07
1.754474890833459822e-05,1.656927264522668221e-07
1.924336141115980055e-05,1.399105931406117778e-07
2.110642679101555104e-05,1.179893782432917051e-07
2.314986671851160856e-05,9.941406136033943826e-08
2.539114433680346642e-05,8.367172612948070722e-08
2.784941350080644140e-05,7.034461641118850028e-08
3.054568246515432163e-05,5.907441063132612254e-08
3.350299341977229842e-05,4.956801461908144100e-08
3.674661940736687922e-05,4.152083590872718295e-08
4.030428030568051443e-05,3.474996403843769200e-08
4.420637972028530196e-05,2.904953977177675725e-08
4.848626481239078214e-05,2.425580770964943460e-08
5.318051128214196547e-05,2.022920169570316577e-08
5.832923594286212095e-05,1.685090253171692058e-08
6.397643955748424092e-05,1.401986632008447090e-08
7.017038286703836689e-05,1.165026186091665991e-08
7.696399902471150959e-05,9.669263204268971558e-09
8.441534596012993945e-05,8.015150215780603522e-09
9.258810253973946442e-05,6.635675950970530944e-09
1.015521127634568086e-04,5.486664879487219963e-09
1.113839826482619416e-04,4.530810620546271589e-09
1.221677348996791812e-04,3.736645917983216142e-09
1.339955269659338412e-04,3.077661161355065046e-09
1.469684386112446071e-04,2.531550883958190134e-09
1.611973357388157043e-04,2.079570407809415688e-09
1.768038178457208417e-04,1.705987195491673710e-09
1.939212572065831012e-04,1.397613546928181239e-09
2.126959386668691900e-04,1.143409082407506816e-09
2.332883097864158460e-04,9.341430178689025897e-10
2.558743520168589233e-04,7.621076090231330639e-10
2.806470846309838869e-04,6.208753275496977866e-10
3.078182142565079478e-04,5.050933632593936750e-10
3.376199441111339922e-04,4.103099354397073684e-10
3.703069584005140493e-04,3.328276778979690742e-10
4.061585988376979588e-04,2.695800374567041004e-10
4.454812518844988400e-04,2.180272117661724958e-10
4.886109671160326559e-04,1.760686523330694594e-10
5.359163290848514881e-04,1.419695905096670092e-10
5.878016072274911547e-04,1.142994223222799561e-10
6.447102107323868887e-04,9.188010919549758676e-11
7.071284778942996639e-04,7.374302769453876795e-11
7.755898323389001994e-04,5.909293527382004153e-11
8.506793416364161154e-04,4.727792102520807625e-11
9.330387172620369486e-04,3.776438488668609697e-11
1.023371798632520275e-03,3.011623606676451982e-11
1.122450568085306974e-03,2.397762613224450240e-11
1.231121748203890722e-03,1.905863805724882014e-11
1.350314037869873715e-03,1.512344339360686238e-11
1.481046048880675734e-03,1.198051742335599555e-11
1.624435010958867089e-03,9.474567539285510832e-12
1.781706319545730676e-03,7.479885202779835369e-12
1.954204007974053459e-03,5.894878746771796500e-12
2.143402233514856738e-03,4.637584254400728637e-12
2.350917875457286636e-03,3.641985529721385131e-12
2.578524352884273892e-03,2.855002236680351993e-12
2.828166780230032939e-03,2.234028960229924513e-12
3.101978590138096837e-03,1.744927738450078350e-12
3.402299765678071415e-03,1.360393378453385103e-12
3.731696837732755619e-03,1.058624700281240069e-12
4.092984818452442136e-03,8.222463171616043594e-13
4.489251258218607613e-03,6.374353114483788706e-13
4.923882631706741689e-03,4.932150811616898672e-13
5.400593278542373601e-03,3.808854062183383589e-13
5.923457145875806254e-03,2.935632833406942414e-13
6.496942604146124095e-03,2.258136626602362472e-13
7.125950633568410228e-03,1.733530374084374827e-13
7.815856707684091381e-03,1.328119799483637536e-13
8.572556731909325087e-03,1.015452265818999981e-13
9.402517429670131932e-03,7.748012805299660076e-14
1.031283160672184784e-02,5.899593052932031751e-14
1.131127876593921409e-02,4.482778533327730952e-14
1.240639159058831882e-02,3.399061203696466436e-14
1.360752886424333036e-02,2.571879267992143840e-14
1.492495545051829124e-02,1.941851438680206997e-14
1.636993001611701873e-02,1.463019162638366765e-14
1.795480124687830539e-02,1.099887525451573587e-14
1.969311337907421466e-02,8.251022801931043147e-15
2.159972194782716973e-02,6.176283066757524993e-15
2.369092074182631985e-02,4.613254263744747757e-15
2.598458104929247253e-02,3.438366124217151995e-15
2.850030438518105086e-02,2.557224949925259831e-15
3.125959000482284034e-02,1.897886285355476934e-15
3.428601863556589996e-02,1.405641379385684675e-15
3.760545399658175858e-02,1.038983405222198995e-15
4.124626382901356442e-02,7.664947536283632581e-16
4.523956232538058064e-02,5.644515010820298762e-16
4.961947603002907908e-02,4.149797565263693174e-16
5.442343548300272033e-02,3.046477044610456436e-16
5.969249509970739331e-02,2.233850419750370513e-16
6.547168402004742427e-02,1.636594018117620405e-16
7.181039092537355728e-02,1.198530394765382906e-16
7.876278611187063905e-02,8.778355904807653494e-17
8.638828442740453806e-02,6.434811501428935946e-17
9.475205302806546936e-02,4.724838174596514567e-17
1.039255682936713054e-01,3.478422007066495158e-17
1.139872266616052537e-01,2.570867125584439770e-17
1.250230145991456099e-01,1.910990619313820254e-17
1.371272434398400908e-01,1.430199787001088765e-17
1.504033553638025045e-01,1.079916905228377642e-17
1.649648074098020722e-01,8.243634735625057049e-18
1.809360410738716507e-01,6.370335270714405808e-18
1.984535457805803316e-01,4.992323698948983197e-18
2.176670253153459023e-01,3.972620732613941134e-18
2.387406771860647037e-01,3.211060797776018061e-18
2.618545958474232660e-01,2.637027856999851576e-18
2.872063117797828413e-01,2.198959860414186571e-18
3.150124795755327445e-01,1.860108210026339510e-18
3.455107294592217881e-01,1.593422697419588585e-18
3.789616980644715527e-01,1.380325605739843415e-18
4.156512558225987641e-01,1.206982428116825606e-18
4.558929499981058675e-01,1.063619959767134843e-18
5.000306842491090142e-01,9.432147133284783217e-19
5.484416576121015074e-01,8.404236895145388644e-19
6.015395880274833074e-01,7.517472373763188075e-19
6.597782479539546774e-01,6.742533139699137555e-19
7.236553422869664853e-01,6.060397256215280538e-19
7.937167617217559812e-01,5.455286717152792064e-19
8.705612479099873457e-01,4.915108272005402219e-19
9.548455102782302806e-01,4.431199463379494836e-19
1.047289838236359572e+00,3.996077631255572614e-19
1.148684256737554810e+00,3.603811479363796913e-19
1.259895277795028523e+00,3.249638754632633509e-19
1.381873305653633421e+00,2.929804850741906371e-19
1.515660758900604366e+00,2.640172927972747581e-19
1.662400978926613426e+00,2.378287145615157608e-19
1.823348000868442176e+00,2.141401136857639488e-19
1.999877270535286966e+00,1.926741789219223077e-19
2.193497398905059903e+00,1.732884575763989947e-19
2.405863054644066690e+00,1.557261223996672856e-19
2.638789104828934473e+00,1.398572162837796468e-19
2.894266124716752042e+00,1.255326847988083392e-19
3.174477409109193626e+00,1.125689144792862418e-19
3.481817630688966325e+00,1.008866717608455681e-19
3.818913304781854201e+00,9.034269485393551977e-20
4.188645235435270564e+00,8.083044091242333480e-20
4.594173134636476696e+00,7.226804081676053750e-20
5.038962625065150469e+00,6.455281763934909962e-20
5.526814857144603188e+00,5.761454140274622785e-20
6.061898993497572441e+00,5.138012640739967806e-20
6.648787838417263174e+00,4.577408906091713704e-20
7.292496916841444410e+00,4.074236793653964285e-20
7.998527336796708020e+00,3.623394748627344061e-20
8.772912801613356848e+00,3.218665900407076850e-20
9.622271173675134293e+00,2.856678838111049742e-20
1.055386103036522805e+01,2.532704254384773644e-20
1.157564369553305639e+01,2.243234685150111580e-20
1.269635127659975282e+01,1.984567692348870005e-20
1.392556128874464783e+01,1.753835974623219025e-20
1.527377850390715608e+01,1.548055481646253080e-20
1.675252472408217130e+01,1.364998425240183321e-20
1.837443724610728424e+01,1.202045325614472139e-20
2.015337685941735302e+01,1.057262813520546591e-20
2.210454629971023621e+01,9.288601621760168503e-21
2.424462017082330689e+01,8.148319425904726559e-21
2.659188744512696445e+01,7.139103208431586316e-21
2.916640776023706394e+01,6.247373082096015217e-21
3.199018284775067045e+01,5.457913865167999847e-21
3.508734455902715155e+01,4.762282500616137621e-21
3.848436109487433043e+01,4.149227802554917027e-21
4.221026320156902756e+01,3.609456928878098873e-21
4.629689226627267828e+01,3.134351054479998449e-21
5.077917243205402542e+01,2.718288849456718999e-21
5.569540905800135988e+01,2.352981668125424819e-21
6.108761607505039848e+01,2.033804022571268852e-21
6.700187503509590670e+01,1.755170552524299846e-21
7.348872892180388305e+01,1.511486076880841527e-21
8.060361408861344046e+01,1.299058371562120887e-21
8.840733401525062618e+01,1.114812874802055820e-21
9.696657893145520291e+01,9.546827799042028395e-22
1.063544957486011242e+02,8.157531777773519827e-22
1.166513131698198436e+02,6.958836858324837074e-22
1.279450273207873465e+02,5.922697570072449773e-22
1.403321537605487492e+02,5.028777070935848410e-22
1.539185522990205470e+02,4.261096921742090709e-22
1.688203316700366088e+02,3.601498612112326861e-22
1.851648417912153946e+02,3.036813737270204307e-22
2.030917620904738783e+02,2.554046706969777652e-22
2.227542951999556351e+02,2.142802390411334036e-22
2.443204762186491621e+02,1.792786976135793522e-22
2.679746087325689246e+02,1.495507906440062682e-22
2.939188398646890050e+02,1.244254671739598327e-22
3.223748878149027064e+02,1.031916610489519702e-22
3.535859366535182744e+02,8.531904112079800622e-23
3.878187145610719426e+02,7.030900126392645456e-23
4.253657732750392029e+02,5.774699231971231099e-23
4.665479882234467937e+02,4.726628899450814457e-23
5.117173007114610073e+02,3.854666643579276818e-23
5.612597255954965476e+02,3.131220471881568585e-23
6.155986501483514530e+02,2.534496574247494856e-23
6.751984523072494540e+02,2.042872905170122937e-23
7.405684692262443605e+02,1.639783172506181248e-23
8.122673500479702398e+02,1.310461510092276249e-23
8.909078300934141907e+02,1.042623832518488953e-23
9.771619672696201633e+02,8.257208875327798343e-24
1.071766885445503476e+03,6.508047930935097555e-24
1.175531073878372354e+03,5.104166552649437608e-24
1.289341296525715734e+03,3.982459934118500479e-24
1.414170170289027055e+03,3.091440278702724827e-24
1.551084476952840532e+03,2.386427235769675818e-24
1.701254279852592617e+03,1.832181743675844740e-24
1.865962923181745964e+03,1.398525119322717455e-24
2.046617999391994090e+03,1.061309518161867498e-24
2.244763378413224018e+03,8.005504765639123633e-25
2.462092401494630394e+03,6.000869516830916086e-25
2.700462352420682237e+03,4.469903432439850192e-25
2.961910329772559635e+03,3.307943909894264014e-25
3.248670655878374873e+03,2.431807530055760287e-25
3.563193971228591181e+03,1.775439941172276936e-25
3.908168177536264011e+03,1.287283800204844229e-25
4.286541408420934204e+03,9.267512959150227082e-26
4.701547224022129740e+03,6.623480508070056573e-26
5.156732244854973942e+03,4.698481477305713997e-26
5.655986461065002004e+03,3.307684040362855282e-26
6.203576476104281937e+03,2.310665901694476497e-26
6.804181968927094204e+03,1.601548133193704440e-26
7.462935686310144774e+03,1.101099559492914982e-26
8.185467307069021444e+03,7.507888185824490796e-27
8.977951553033331948e+03,5.076476925114573916e-27
9.847160957933763711e+03,3.403564796054857546e-27
1.080052374516254167e+04,2.262293026173686116e-27
1.184618730902682364e+04,1.490232629308671234e-27
1.299308784200417176e+04,9.727245714168460601e-28
1.425102670302996557e+04,6.291324839968890687e-28
1.563075417945817389e+04,4.031658389229974052e-28
1.714406135851968429e+04,2.558895225696950765e-28
1.880388089340916486e+04,1.608025040966920459e-28
2.062439752514096836e+04,1.000414358763263355e-28
2.262116930469025829e+04,6.186724001569726875e-29
2.481126055137774893e+04,3.757351531913519437e-29
2.721338768375308791e+04,2.266260460235817453e-29
2.984807916924333404e+04,1.352037746692253326e-29
3.273785095948577509e+04,7.977393938278496038e-30
3.590739891061062372e+04,4.655115209554450918e-30
3.938380983288488642e+04,2.686263182973708717e-30
4.319679297334182047e+04,1.531566607778060901e-30
4.737893390963143611e+04,8.625124702628373906e-31
5.196597302486207627e+04,4.798076052747021749e-31
5.699711094326075545e+04,2.636551563709824865e-31
6.251534353689724230e+04,1.434728177067845911e-31
6.856782936641738343e+04,7.661075333524368413e-32
7.520629269592421770e+04,4.044625645388671413e-32
8.248746552614581014e+04,2.106220753675387232e-32
9.047357242349311127e+04,1.081883082585630201e-32
9.923286228832545748e+04,5.480088373882494505e-33
1.088401916069007711e+05,2.732715368963182701e-33
1.193776641714435682e+05,1.341478224692574320e-33
1.309353327353612112e+05,6.484182592890879573e-34
1.436119685999077337e+05,3.085907928413329370e-34
1.575159057091624418e+05,1.445593563690784372e-34
1.727659664669034246e+05,6.650752402238201400e-35
1.894924771873823483e+05,3.005686207907321121e-35
2.078383818579755607e+05,1.334743457792054414e-35
2.279604637318981986e+05,5.823655966945108817e-36
2.500306851906321244e+05,2.500025159654832549e-36
2.742376573264952167e+05,1.049363199464212179e-36
3.007882518043096061e+05,4.308307138092197652e-37
3.299093687770942342e+05,1.736851669154898742e-37
3.618498759642742807e+05,6.862865374541012325e-38
3.968827354637166136e+05,2.656993095141283140e-38
4.353073364731901092e+05,1.004194931943682131e-38
4.774520538566131145e+05,3.713330246933618294e-39
5.236770544204665930e+05,1.338374607773424965e-39
5.743773748826587107e+05,4.721863925578227547e-40
6.299862978380706627e+05,1.627548580565067300e-40
6.909790545715645421e+05,5.454569176335617352e-41
7.578768863625945523e+05,1.777748932797489714e-41
8.312514989890631987e+05,5.614647512584533858e-42
9.117299484984939918e+05,1.672043781600145889e-42
