9.999999999999999547e-07,2.007922293232816146e-05
1.096816005273138014e-06,1.744367095423817533e-05
1.203005349423324184e-06,1.514227233270969403e-05
1.319475521676705910e-06,1.313417854569291611e-05
1.447221870741134366e-06,1.138334641017388944e-05
1.587336111010208705e-06,9.857995941631876298e-06
1.741015652304015331e-06,8.530125788455294422e-06
1.909573832878096448e-06,7.375081099435360600e-06
2.094451143151468901e-06,6.371169048646374695e-06
2.297227536071151343e-06,5.499317124096187244e-06
2.519635929317013282e-06,4.742769376888557484e-06
2.763577014736157548e-06,4.086816330174760829e-06
3.031135501567576034e-06,3.518554915442282177e-06
3.324597932270938332e-06,3.026675333243404611e-06
3.646472223212744903e-06,2.601272043869247973e-06
3.999509097203669772e-06,2.233676293393339840e-06
4.386725591048494378e-06,1.916307796085356871e-06
4.811430839003264423e-06,1.642543450133549790e-06
5.277254352483532008e-06,1.406601214594805771e-06
5.788177037701280115e-06,1.203437484434238866e-06
6.348565216305222930e-06,1.028656470124074505e-06
6.963207939763891358e-06,8.784302385740989484e-07
7.637357916378026724e-06,7.494282137778342043e-07
8.376776400682923638e-06,6.387550665982652792e-07
9.187782428863339748e-06,5.438960399850242737e-07
1.007730682094461773e-05,4.626688591758456181e-07
1.105295141126022199e-05,3.931814687562686643e-07
1.212305401337652729e-05,3.337949215784285660e-07
1.329675967466212602e-05,2.830908191370185729e-07
1.458409882943986393e-05,2.398427696618155828e-07
1.599607301861487752e-05,2.029913897534174391e-07
1.754474890833459822e-05,1.716224286170653192e-07
1.924336141115980055e-05,1.449476416109625124e-07
2.110642679101555104e-05,1.222627206515505853e-07
2.314986671851160856e-05,1.030363190291953358e-07
2.539114433680346642e-05,8.673876458852064661e-08
2.784941350080644140e-05,7.293868198053076248e-08
3.054568246515432163e-05,6.126599456026284134e-08
3.350299341977229842e-05,5.141797305616618455e-08
3.674661940736687922e-05,4.307978849253826148e-08
4.030428030568051443e-05,3.606251924123269929e-08
4.420637972028530196e-05,3.015334321424879713e-08
4.848626481239078214e-05,2.518295527721209582e-08
5.318051128214196547e-05,2.100702754620846426e-08
5.832923594286212095e-05,1.750265950679063364e-08
6.397643955748424092e-05,1.456531286877135327e-08
7.017038286703836689e-05,1.210616781049757203e-08
7.696399902471150959e-05,1.004984515280855621e-08
8.441534596012993945e-05,8.332445949704518324e-09
9.258810253973946442e-05,6.899866085573633532e-09
1.015521127634568086e-04,5.706348862795081480e-09
1.113839826482619416e-04,4.713243313881134134e-09
1.221677348996791812e-04,3.887940154744894692e-09
1.339955269659338412e-04,3.202960975949954245e-09
1.469684386112446071e-04,2.635179482552227474e-09
1.611973357388157043e-04,2.165156411341556187e-09
1.768038178457208417e-04,1.776572213407685635e-09
1.939212572065831012e-04,1.455743728639879999e-09
2.126959386668691900e-04,1.191212934984199413e-09
2.332883097864158460e-04,9.733974659985758968e-10
2.558743520168589233e-04,7.942940017430721969e-10
2.806470846309838869e-04,6.472268600712835501e-10
3.078182142565079478e-04,5.266351772280401025e-10
3.376199441111339922e-04,4.278929828857880498e-10
3.703069584005140493e-04,3.471572801468972472e-10
4.061585988376979588e-04,2.812399370156632970e-10
4.454812518844988400e-04,2.274998003207878830e-10
4.886109671160326559e-04,1.837519586427293055e-10
5.359163290848514881e-04,1.481915267484706255e-10
5.878016072274911547e-04,1.193297134571633106e-10
6.447102107323868887e-04,9.594026744804920241e-11
7.071284778942996639e-04,7.701467970640044993e-11
7.755898323389001994e-04,6.172476328196897595e-11
8.506793416364161154e-04,4.939143960883106503e-11
9.330387172620369486e-04,3.945874096216987264e-11
1.023371798632520275e-03,3.147219087785825911e-11
1.122450568085306974e-03,2.506085329719307899e-11
1.231121748203890722e-03,1.992245068632496630e-11
1.350314037869873715e-03,1.581104538639023656e-11
1.481046048880675734e-03,1.252685887416122064e-11
1.624435010958867089e-03,9.907871306745713039e-12
1.781706319545730676e-03,7.822900790159424209e-12
1.954204007974053459e-03,6.165910421402676506e-12
2.143402233514856738e-03,4.851332566588874486e-12
2.350917875457286636e-03,3.810234869465155998e-12
2.578524352884273892e-03,2.987181576943071392e-12
2.828166780230032939e-03,2.337668335425733465e-12
3.101978590138096837e-03,1.826029148720728791e-12
3.402299765678071415e-03,1.423731594113033682e-12
3.731696837732755619e-03,1.107990752311291504e-12
4.092984818452442136e-03,8.606442145252367853e-13
4.489251258218607613e-03,6.672406635848512821e-13
4.923882631706741689e-03,5.163027510433054819e-13
5.400593278542373601e-03,3.987320370477913282e-13
5.923457145875806254e-03,3.073294793568707662e-13
6.496942604146124095e-03,2.364097279169999661e-13
7.125950633568410228e-03,1.814914485127464455e-13
7.815856707684091381e-03,1.390491951958160249e-13
8.572556731909325087e-03,1.063149126534069902e-13
9.402517429670131932e-03,8.111952130264319538e-14
1.031283160672184784e-02,6.176670296609809544e-14
1.131127876593921409e-02,4.693252470975928696e-14
1.240639159058831882e-02,3.558581082685490126e-14
1.360752886424333036e-02,2.692506214319225911e-14
1.492495545051829124e-02,2.032859856873204976e-14
1.636993001611701873e-02,1.531524151496198684e-14
1.795480124687830539e-02,1.151334871706878008e-14
1.969311337907421466e-02,8.636503123048827541e-15
2.159972194782716973e-02,6.464447289037753829e-15
2.369092074182631985e-02,4.828175435366666817e-15
2.598458104929247253e-02,3.598294454857819978e-15
2.850030438518105086e-02,2.675962638571838051e-15
3.125959000482284034e-02,1.985845997415038147e-15
3.428601863556589996e-02,1.470659252505216594e-15
3.760545399658175858e-02,1.086941898026881698e-15
4.124626382901356442e-02,8.017986594624197684e-16
4.523956232538058064e-02,5.903908514066180376e-16
4.961947603002907908e-02,4.340056532782843707e-16
5.442343548300272033e-02,3.185816362733850844e-16
5.969249509970739331e-02,2.335771583450310164e-16
6.547168402004742427e-02,1.711078766267118197e-16
7.181039092537355728e-02,1.252940270070829507e-16
7.876278611187063905e-02,9.175852730473380735e-17
8.638828442740453806e-02,6.725440399381255381e-17
9.475205302806546936e-02,4.937682064456914919e-17
1.039255682936713054e-01,3.634703676616824294e-17
1.139872266616052537e-01,2.686060650168094328e-17
1.250230145991456099e-01,1.996375668848165679e-17
1.371272434398400908e-01,1.493910718310508600e-17
1.504033553638025045e-01,1.127865847105447410e-17
1.649648074098020722e-01,8.608317154361826003e-18
1.809360410738716507e-01,6.650974237597353341e-18
1.984535457805803316e-01,5.211206526436443356e-18
2.176670253153459023e-01,4.145843009587406879e-18
2.387406771860647037e-01,3.350204802334245102e-18
2.618545958474232660e-01,2.750498270566218372e-18
2.872063117797828413e-01,2.292851584139641583e-18
3.150124795755327445e-01,1.938867651346825981e-18
3.455107294592217881e-01,1.660292509977044670e-18
3.789616980644715527e-01,1.437714243900043918e-18
4.156512558225987641e-01,1.256683822843242136e-18
4.558929499981058675e-01,1.106990134775486308e-18
5.000306842491090142e-01,9.812943575922223717e-19
5.484416576121015074e-01,8.740171582557810056e-19
6.015395880274833074e-01,7.814969314446401303e-19
6.597782479539546774e-01,7.006727474802619146e-19
7.236553422869664853e-01,6.295520514767702963e-19
7.937167617217559812e-01,5.664860476394312335e-19
8.705612479099873457e-01,5.102098555879185390e-19
9.548455102782302806e-01,4.598155483613479368e-19
1.047289838236359572e+00,4.145204071500766614e-19
1.148684256737554810e+00,3.737026350297148700e-19
1.259895277795028523e+00,3.368638860868842270e-19
1.381873305653633421e+00,3.036096753605484834e-19
1.515660758900604366e+00,2.735081083497924315e-19
1.662400978926613426e+00,2.463006133510720733e-19
1.823348000868442176e+00,2.216995517454041154e-19
1.999877270535286966e+00,1.994159031365848989e-19
2.193497398905059903e+00,1.792986361787887370e-19
2.405863054644066690e+00,1.610808100743515949e-19
2.638789104828934473e+00,1.446254426597046645e-19
2.894266124716752042e+00,1.297765472276851408e-19
3.174477409109193626e+00,1.163434177778674882e-19
3.481817630688966325e+00,1.042420340997600286e-19
3.818913304781854201e+00,9.332353988157771852e-20
4.188645235435270564e+00,8.347680417085607604e-20
4.594173134636476696e+00,7.461604583197596079e-20
5.038962625065150469e+00,6.663460965306536837e-20
5.526814857144603188e+00,5.945914712329012273e-20
6.061898993497572441e+00,5.301346907517653858e-20
6.648787838417263174e+00,4.721928347336351947e-20
7.292496916841444410e+00,4.202017163937685220e-20
7.998527336796708020e+00,3.736298718814537629e-20
8.772912801613356848e+00,3.318342716647485092e-20
9.622271173675134293e+00,2.944615357702363067e-20
1.055386103036522805e+01,2.610221630284280622e-20
1.157564369553305639e+01,2.311514372240025594e-20
1.269635127659975282e+01,2.044659023469053763e-20
1.392556128874464783e+01,1.806677867304188899e-20
1.527377850390715608e+01,1.594480660480827159e-20
1.675252472408217130e+01,1.405752285935886806e-20
1.837443724610728424e+01,1.237787778233287304e-20
2.015337685941735302e+01,1.088581113866175385e-20
2.210454629971023621e+01,9.562773148484849333e-21
2.424462017082330689e+01,8.388083764112292798e-21
2.659188744512696445e+01,7.348572014119987883e-21
2.916640776023706394e+01,6.430209093634825842e-21
3.199018284775067045e+01,5.617307779332616269e-21
3.508734455902715155e+01,4.901103823545047901e-21
3.848436109487433043e+01,4.269996939746474136e-21
4.221026320156902756e+01,3.714400180106562787e-21
4.629689226627267828e+01,3.225421134039362265e-21
5.077917243205402542e+01,2.797237220026280447e-21
5.569540905800135988e+01,2.421325599203762710e-21
6.108761607505039848e+01,2.092898901837383384e-21
6.700187503509590670e+01,1.806205792308381155e-21
7.348872892180388305e+01,1.555490262760876664e-21
8.060361408861344046e+01,1.336940842402725021e-21
8.840733401525062618e+01,1.147386118638718690e-21
9.696657893145520291e+01,9.826449808702263731e-22
1.063544957486011242e+02,8.397153294549792296e-22
1.166513131698198436e+02,7.163895667278127165e-22
1.279450273207873465e+02,6.097854459087885630e-22
1.403321537605487492e+02,5.178110899836014260e-22
1.539185522990205470e+02,4.388198399801020157e-22
1.688203316700366088e+02,3.709453736117433532e-22
1.851648417912153946e+02,3.128324873317430319e-22
2.030917620904738783e+02,2.631453159175726581e-22
2.227542951999556351e+02,2.208142859625940616e-22
2.443204762186491621e+02,1.847811537297073578e-22
2.679746087325689246e+02,1.541728480109417784e-22
2.939188398646890050e+02,1.282991028822710294e-22
3.223748878149027064e+02,1.064291248038248486e-22
3.535859366535182744e+02,8.801749029639223717e-23
3.878187145610719426e+02,7.255160527652332156e-23
4.253657732750392029e+02,5.960520990976711844e-23
4.665479882234467937e+02,4.880124194653146742e-23
5.117173007114610073e+02,3.981039158791194352e-23
5.612597255954965476e+02,3.234890383021766168e-23
6.155986501483514530e+02,2.619260479662110315e-23
6.751984523072494540e+02,2.111909585131062982e-23
7.405684692262443605e+02,1.695792439312383635e-23
8.122673500479702398e+02,1.355713796134515004e-23
8.909078300934141907e+02,1.079030763064178345e-23
9.771619672696201633e+02,8.548829867260230751e-24
1.071766885445503476e+03,6.740559688011878400e-24
1.175531073878372354e+03,5.288664473156081695e-24
1.289341296525715734e+03,4.128123310571673765e-24
1.414170170289027055e+03,3.205868179394081311e-24
1.551084476952840532e+03,2.475825173220618400e-24
1.701254279852592617e+03,1.901647685948299337e-24
1.865962923181745964e+03,1.452191736236636080e-24
2.046617999391994090e+03,1.102528593279070914e-24
2.244763378413224018e+03,8.320168159286421470e-25
2.462092401494630394e+03,6.239560966205984095e-25
2.700462352420682237e+03,4.649805205386394754e-25
2.961910329772559635e+03,3.442637093775413335e-25
3.248670655878374873e+03,2.531966210854017420e-25
3.563193971228591181e+03,1.849390191988914291e-25
3.908168177536264011e+03,1.341492991133236600e-25
4.286541408420934204e+03,9.661971758102086423e-26
4.701547224022129740e+03,6.908335131233599879e-26
5.156732244854973942e+03,4.902578423914111179e-26
5.655986461065002004e+03,3.452752048850562804e-26
6.203576476104281937e+03,2.412940005810038447e-26
6.804181968927094204e+03,1.673054900973725495e-26
7.462935686310144774e+03,1.150666652979458128e-26
8.185467307069021444e+03,7.848459631328743622e-27
8.977951553033331948e+03,5.308390943384806836e-27
9.847160957933763711e+03,3.560064187385294189e-27
1.080052374516254167e+04,2.366925482709550779e-27
1.184618730902682364e+04,1.559514011701576762e-27
1.299308784200417176e+04,1.018149223128652262e-27
1.425102670302996557e+04,6.586221881420677459e-28
1.563075417945817389e+04,4.221207036849987593e-28
1.714406135851968429e+04,2.679472371334672022e-28
1.880388089340916486e+04,1.683905752680559399e-28
2.062439752514096836e+04,1.047652739320725780e-28
2.262116930469025829e+04,6.478807967610475210e-29
2.481126055137774893e+04,3.934571610324421175e-29
2.721338768375308791e+04,2.372961529645602090e-29
2.984807916924333404e+04,1.415528905121028272e-29
3.273785095948577509e+04,8.350733580631832694e-30
3.590739891061062372e+04,4.872065610364877816e-30
3.938380983288488642e+04,2.810842832172751363e-30
4.319679297334182047e+04,1.602194389286473297e-30
4.737893390963143611e+04,9.020342132106399540e-31
5.196597302486207627e+04,5.016393981409154804e-31
5.699711094326075545e+04,2.755609178300497628e-31
6.251534353689724230e+04,1.498992057382277016e-31
6.856782936641738343e+04,8.001268007895272078e-32
7.520629269592421770e+04,4.222605995116853471e-32
8.248746552614581014e+04,2.198034590192573517e-32
9.047357242349311127e+04,1.128589816294605722e-32
9.923286228832545748e+04,5.714346419906478760e-33
1.088401916069007711e+05,2.848366310955906768e-33
1.193776641714435682e+05,1.397682288069250621e-33
1.309353327353612112e+05,6.753140287379788389e-34
1.436119685999077337e+05,3.212643790336091440e-34
1.575159057091624418e+05,1.504385704223178458e-34
1.727659664669034246e+05,6.918675545336096592e-35
1.894924771873823483e+05,3.125659752356008483e-35
2.078383818579755607e+05,1.387550728705419587e-35
2.279604637318981986e+05,6.052116516413612142e-36
2.500306851906321244e+05,2.597313409582721950e-36
2.742376573264952167e+05,1.089891550069099040e-36
3.007882518043096061e+05,4.473530955237580886e-37
3.299093687770942342e+05,1.803023804009528261e-37
3.618498759642742807e+05,7.122745484140391589e-38
3.968827354637166136e+05,2.757043720181478741e-38
4.353073364731901092e+05,1.041817095644801279e-38
4.774520538566131145e+05,3.851813623559403963e-39
5.236770544204665930e+05,1.388080646392879834e-39
5.743773748826587107e+05,4.896575369224138129e-40
6.299862978380706627e+05,1.687567130833748657e-40
6.909790545715645421e+05,5.655125519141029080e-41
7.578768863625945523e+05,1.842945393893586475e-41
8.312514989890631987e+05,5.820089848575821945e-42
9.117299484984939918e+05,1.733104926118856613e-42
