9.999999999999999547e-07,1.929050031855988019e-05
1.096816005273138014e-06,1.675632899184176504e-05
1.203005349423324184e-06,1.454366241494446165e-05
1.319475521676705910e-06,1.261318497303996663e-05
1.447221870741134366e-06,1.093020570195643510e-05
1.587336111010208705e-06,9.464136868193300604e-06
1.741015652304015331e-06,8.188027844327817837e-06
1.909573832878096448e-06,7.078149357666369547e-06
2.094451143151468901e-06,6.113623536458515071e-06
2.297227536071151343e-06,5.276095060482281558e-06
2.519635929317013282e-06,4.549438807019224968e-06
2.763577014736157548e-06,3.919499864596156877e-06
3.031135501567576034e-06,3.373862427820400723e-06
3.324597932270938332e-06,2.901644594211934496e-06
3.646472223212744903e-06,2.493316378976636855e-06
3.999509097203669772e-06,2.140538454690033305e-06
4.386725591048494378e-06,1.836019329292992720e-06
4.811430839003264423e-06,1.573388921306003344e-06
5.277254352483532008e-06,1.347086732044707807e-06
5.788177037701280115e-06,1.152263015152841326e-06
6.348565216305222930e-06,9.846915065508981275e-07
6.963207939763891358e-06,8.406924222125845079e-07
7.637357916378026724e-06,7.170645672164842439e-07
8.376776400682923638e-06,6.110255254534868343e-07
9.187782428863339748e-06,5.201590117175218010e-07
1.007730682094461773e-05,4.423685672022217574e-07
1.105295141126022199e-05,3.758368682270904100e-07
1.212305401337652729e-05,3.189899979962748209e-07
1.329675967466212602e-05,2.704661029844179400e-07
1.458409882943986393e-05,2.290879197132734122e-07
1.599607301861487752e-05,1.938387150339982792e-07
1.754474890833459822e-05,1.638412342923731348e-07
1.924336141115980055e-05,1.383392976605165281e-07
2.110642679101555104e-05,1.166575548227724760e-07
2.314986671851160856e-05,9.828619098442820134e-08
2.539114433680346642e-05,8.271760433522872681e-08
2.784941350080644140e-05,6.953835857354608460e-08
3.054568246515432163e-05,5.839385602280881757e-08
3.350299341977229842e-05,4.899405367846256679e-08
3.674661940736687922e-05,4.103758672136580941e-08
4.030428030568051443e-05,3.434344874643466477e-08
4.420637972028530196e-05,2.870797363513717946e-08
4.848626481239078214e-05,2.396915361342149224e-08
5.318051128214196547e-05,1.998892029181657706e-08
5.832923594286212095e-05,1.664973677576499342e-08
6.397643955748424092e-05,1.385165584873868940e-08
7.017038286703836689e-05,1.150978323505876040e-08
7.696399902471150959e-05,9.552092551568194474e-09
8.441534596012993945e-05,7.917545252611496831e-09
9.258810253973946442e-05,6.554474754974713292e-09
1.015521127634568086e-04,5.419199126833128802e-09
1.113839826482619416e-04,4.474831301859506510e-09
1.221677348996791812e-04,3.690259809070762066e-09
1.339955269659338412e-04,3.039276553584174018e-09
1.469684386112446071e-04,2.499831278731605338e-09
1.611973357388157043e-04,2.053395053439289225e-09
1.768038178457208417e-04,1.684417496129541563e-09
1.939212572065831012e-04,1.379864504930390827e-09
2.126959386668691900e-04,1.128825050099504444e-09
2.332883097864158460e-04,9.221771343718712727e-10
2.558743520168589233e-04,7.523043843198862784e-10
2.806470846309838869e-04,6.128559110860421016e-10
3.078182142565079478e-04,4.985430994825162976e-10
3.376199441111339922e-04,4.049678651454578499e-10
3.703069584005140493e-04,3.284776930256698626e-10
4.061585988376979588e-04,2.660434391024363097e-10
4.454812518844988400e-04,2.151564574702860928e-10
4.886109671160326559e-04,1.737421099887449693e-10
5.359163290848514881e-04,1.400871431924912516e-10
5.878016072274911547e-04,1.127787914205681213e-10
6.447102107323868887e-04,9.065378304943649898e-11
7.071284778942996639e-04,7.275569991773045347e-11
7.755898323389001994e-04,5.829937147896427748e-11
8.506793416364161154e-04,4.664118510870565175e-11
9.330387172620369486e-04,3.725436661924437732e-11
1.023371798632520275e-03,2.970843076890296450e-11
1.122450568085306974e-03,2.365212491155001902e-11
1.231121748203890722e-03,1.879929364055665091e-11
1.350314037869873715e-03,1.491718215761149838e-11
1.481046048880675734e-03,1.181677294500082818e-11
1.624435010958867089e-03,9.344814983246481885e-12
1.781706319545730676e-03,7.377259246111993416e-12
1.954204007974053459e-03,5.813860596062033393e-12
2.143402233514856738e-03,4.573745714125871480e-12
2.350917875457286636e-03,3.591780096420048668e-12
2.578524352884273892e-03,2.815594888222199473e-12
2.828166780230032939e-03,2.203157728252307333e-12
3.101978590138096837e-03,1.720791340458627895e-12
3.402299765678071415e-03,1.341560175955811126e-12
3.731696837732755619e-03,1.043959075692175081e-12
4.092984818452442136e-03,8.108492516733810220e-13
4.489251258218607613e-03,6.285965173248095848e-13
4.923882631706741689e-03,4.863745177755377790e-13
5.400593278542373601e-03,3.756024016460548929e-13
5.923457145875806254e-03,2.894918082285150955e-13
6.496942604146124095e-03,2.226825710865784200e-13
7.125950633568410228e-03,1.709503096012260675e-13
7.815856707684091381e-03,1.309721823332978671e-13
8.572556731909325087e-03,1.001395536360107632e-13
9.402517429670131932e-03,7.640851085759206149e-14
1.031283160672184784e-02,5.818079648944067682e-14
1.131127876593921409e-02,4.420919083524596670e-14
1.240639159058831882e-02,3.352214070519615885e-14
1.360752886424333036e-02,2.536484763867334106e-14
1.492495545051829124e-02,1.915170620974497038e-14
1.636993001611701873e-02,1.442952775937753630e-14
1.795480124687830539e-02,1.084830354902346922e-14
1.969311337907421466e-02,8.138297647542827021e-15
2.159972194782716973e-02,6.092084879265386783e-15
2.369092074182631985e-02,4.550507258637811122e-15
2.598458104929247253e-02,3.391711044713964809e-15
2.850030438518105086e-02,2.522612494943247501e-15
3.125959000482284034e-02,1.872264410228588394e-15
3.428601863556589996e-02,1.386715359117730496e-15
3.760545399658175858e-02,1.025032203775862816e-15
4.124626382901356442e-02,7.562308270950677505e-16
4.523956232538058064e-02,5.569140203702621972e-16
4.961947603002907908e-02,4.094535336066905306e-16
5.442343548300272033e-02,3.006017279553022418e-16
5.969249509970739331e-02,2.204260490884029734e-16
6.547168402004742427e-02,1.614968992517883846e-16
7.181039092537355728e-02,1.182729658026302806e-16
7.876278611187063905e-02,8.662859458934872675e-17
8.638828442740453806e-02,6.350290496658457041e-17
9.475205302806546936e-02,4.662855783766551951e-17
1.039255682936713054e-01,3.432825997353186814e-17
1.139872266616052537e-01,2.537174835086229347e-17
1.250230145991456099e-01,1.885936549105615145e-17
1.371272434398400908e-01,1.411430170743310484e-17
1.504033553638025045e-01,1.065721853214840535e-17
1.649648074098020722e-01,8.135051814770812076e-18
1.809360410738716507e-01,6.286226835916914404e-18
1.984535457805803316e-01,4.926247060570437625e-18
2.176670253153459023e-01,3.919922464957133844e-18
2.387406771860647037e-01,3.168389243387792042e-18
2.618545958474232660e-01,2.601949183522316953e-18
2.872063117797828413e-01,2.169706604364495479e-18
3.150124795755327445e-01,1.835387632057153460e-18
3.455107294592217881e-01,1.572290483771133336e-18
3.789616980644715527e-01,1.362076928903492718e-18
4.156512558225987641e-01,1.191090516155271006e-18
4.558929499981058675e-01,1.049684370538970982e-18
5.000306842491090142e-01,9.309259171514657838e-19
5.484416576121015074e-01,8.295413686286867262e-19
6.015395880274833074e-01,7.420775078902487794e-19
6.597782479539546774e-01,6.656403745407103680e-19
7.236553422869664853e-01,5.983539594056998293e-19
7.937167617217559812e-01,5.386614398499862273e-19
8.705612479099873457e-01,4.853701051476071359e-19
9.548455102782302806e-01,4.376260320741332905e-19
1.047289838236359572e+00,3.946913302047862557e-19
1.148684256737554810e+00,3.559815901535295963e-19
1.259895277795028523e+00,3.210273291247556141e-19
1.381873305653633421e+00,2.894588492525512801e-19
1.515660758900604366e+00,2.608682555920686921e-19
1.662400978926613426e+00,2.350138480429610485e-19
1.823348000868442176e+00,2.116250937869434512e-19
1.999877270535286966e+00,1.904284505723204412e-19
2.193497398905059903e+00,1.712840250229204193e-19
2.405863054644066690e+00,1.539383337453479968e-19
2.638789104828934473e+00,1.382635676627219720e-19
2.894266124716752042e+00,1.241128746716668623e-19
3.174477409109193626e+00,1.113049971369443246e-19
3.481817630688966325e+00,9.976214379446913005e-20
3.818913304781854201e+00,8.934289804179208338e-20
4.188645235435270564e+00,7.994221233808572067e-20
4.594173134636476696e+00,7.147944171913099950e-20
5.038962625065150469e+00,6.385323444415850627e-20
5.526814857144603188e+00,5.699436017360928817e-20
6.061898993497572441e+00,5.083073682307160544e-20
6.648787838417263174e+00,4.528782252921502548e-20
7.292496916841444410e+00,4.031230972220209087e-20
7.998527336796708020e+00,3.585388158384677960e-20
8.772912801613356848e+00,3.185108834689003310e-20
9.622271173675134293e+00,2.827073288531198368e-20
1.055386103036522805e+01,2.506608017253093725e-20
1.157564369553305639e+01,2.220251321538098282e-20
1.269635127659975282e+01,1.964345087172167150e-20
1.392556128874464783e+01,1.736058457922145222e-20
1.527377850390715608e+01,1.532442914363498064e-20
1.675252472408217130e+01,1.351299440378233096e-20
1.837443724610728424e+01,1.190037635457296376e-20
2.015337685941735302e+01,1.046748155385923961e-20
2.210454629971023621e+01,9.196617908250325879e-21
2.424462017082330689e+01,8.067945419041174783e-21
2.659188744512696445e+01,7.068946806970924086e-21
2.916640776023706394e+01,6.186195747740895094e-21
3.199018284775067045e+01,5.404636492847982809e-21
3.508734455902715155e+01,4.715933397854438072e-21
3.848436109487433043e+01,4.108954271602313470e-21
4.221026320156902756e+01,3.574505486736770019e-21
4.629689226627267828e+01,3.104061212411197436e-21
5.077917243205402542e+01,2.692067575097172046e-21
5.569540905800135988e+01,2.330316251972125959e-21
6.108761607505039848e+01,2.014235991471351533e-21
6.700187503509590670e+01,1.738298282066272676e-21
7.348872892180388305e+01,1.496962502719788392e-21
8.060361408861344046e+01,1.286576689096248522e-21
8.840733401525062618e+01,1.104099400502819951e-21
9.696657893145520291e+01,9.455025306253789485e-22
1.063544957486011242e+02,8.079007534567040170e-22
1.166513131698198436e+02,6.891765318320692049e-22
1.279450273207873465e+02,5.865516074872523716e-22
1.403321537605487492e+02,4.980120836150762538e-22
1.539185522990205470e+02,4.219766129963109120e-22
1.688203316700366088e+02,3.566463760320438187e-22
1.851648417912153946e+02,3.007175015415264104e-22
2.030917620904738783e+02,2.529026868498969711e-22
2.227542951999556351e+02,2.121725407700294241e-22
2.443204762186491621e+02,1.775073595356282819e-22
2.679746087325689246e+02,1.480658854758619109e-22
2.939188398646890050e+02,1.231835195909380704e-22
3.223748878149027064e+02,1.021557715492431739e-22
3.535859366535182744e+02,8.445734836833867367e-23
3.878187145610719426e+02,6.959429641894669202e-23
4.253657732750392029e+02,5.715595591756318569e-23
4.665479882234467937e+02,4.677902437020567552e-23
5.117173007114610073e+02,3.814627560905239372e-23
5.612597255954965476e+02,3.098436923797353814e-23
6.155986501483514530e+02,2.507742085577833783e-23
6.751984523072494540e+02,2.021122920852188570e-23
7.405684692262443605e+02,1.622169769500220194e-23
8.122673500479702398e+02,1.296256577206868279e-23
8.909078300934141907e+02,1.031215859375598972e-23
9.771619672696201633e+02,8.165991187511020254e-24
1.071766885445503476e+03,6.435445615389405319e-24
1.175531073878372354e+03,5.046655550363356301e-24
1.289341296525715734e+03,3.937131433308659102e-24
1.414170170289027055e+03,3.055891793260179055e-24
1.551084476952840532e+03,2.358701055528303806e-24
1.701254279852592617e+03,1.810673140665233840e-24
1.865962923181745964e+03,1.381935938460356781e-24
2.046617999391994090e+03,1.048589109063262536e-24
2.244763378413224018e+03,7.908558432000265919e-25
2.462092401494630394e+03,5.927451426776919887e-25
2.700462352420682237e+03,4.414660015054803528e-25
2.961910329772559635e+03,3.266651896325018031e-25
3.248670655878374873e+03,2.401154054533656945e-25
3.563193971228591181e+03,1.752845809659611111e-25
3.908168177536264011e+03,1.270749442508851031e-25
4.286541408420934204e+03,9.147406253925149509e-26
4.701547224022129740e+03,6.536897635565068082e-26
5.156732244854973942e+03,4.636554548460836957e-26
5.655986461065002004e+03,3.263746084601641355e-26
6.203576476104281937e+03,2.279745160595947080e-26
6.804181968927094204e+03,1.579968794289850582e-26
7.462935686310144774e+03,1.086168811830697501e-26
8.185467307069021444e+03,7.405492008941954217e-27
8.977951553033331948e+03,5.006881474758121167e-27
9.847160957933763711e+03,3.356690311188437374e-27
1.080052374516254167e+04,2.231014072905784711e-27
1.184618730902682364e+04,1.469561876064564345e-27
1.299308784200417176e+04,9.591982885138042727e-28
1.425102670302996557e+04,6.203685544141557744e-28
1.563075417945817389e+04,3.975438946132958731e-28
1.714406135851968429e+04,2.523203733555480342e-28
1.880388089340916486e+04,1.585608804021142616e-28
2.062439752514096836e+04,9.864873548095766858e-29
2.262116930469025829e+04,6.100781536859143712e-29
2.481126055137774893e+04,3.705310585640268655e-29
2.721338768375308791e+04,2.234989417475237744e-29
2.984807916924333404e+04,1.333466711732130935e-29
3.273785095948577509e+04,7.868403987213112591e-30
3.590739891061062372e+04,4.591901006659502177e-30
3.938380983288488642e+04,2.650031583967475085e-30
4.319679297334182047e+04,1.511063475506737977e-30
4.737893390963143611e+04,8.510598068492484695e-31
5.196597302486207627e+04,4.734920846956727531e-31
5.699711094326075545e+04,2.602167935155746662e-31
6.251534353689724230e+04,1.416198621564889060e-31
6.856782936641738343e+04,7.563135993372603954e-32
7.520629269592421770e+04,3.993460355883594754e-32
8.248746552614581014e+04,2.079862356680644263e-32
9.047357242349311127e+04,1.068491405695962608e-32
9.923286228832545748e+04,5.413002227609973431e-33
1.088401916069007711e+05,2.699631586011157530e-33
1.193776641714435682e+05,1.325416000936886380e-33
1.309353327353612112e+05,6.407387008147233735e-34
1.436119685999077337e+05,3.049749681425426659e-34
1.575159057091624418e+05,1.428831660857004395e-34
1.727659664669034246e+05,6.574411758142738973e-35
1.894924771873823483e+05,2.971518662730955508e-35
2.078383818579755607e+05,1.319710598567646784e-35
2.279604637318981986e+05,5.758641108804960542e-36
2.500306851906321244e+05,2.472346380136916830e-36
2.742376573264952167e+05,1.037834947607983717e-36
3.007882518043096061e+05,4.261315340812397826e-37
3.299093687770942342e+05,1.718032882268257269e-37
3.618498759642742807e+05,6.788960104770410676e-38
3.968827354637166136e+05,2.628540360011673632e-38
4.353073364731901092e+05,9.934954023001155359e-39
4.774520538566131145e+05,3.673943929125128081e-39
5.236770544204665930e+05,1.324236519959330421e-39
5.743773748826587107e+05,4.672165642301286943e-40
6.299862978380706627e+05,1.610474121019445366e-40
6.909790545715645421e+05,5.397508024114892042e-41
7.578768863625945523e+05,1.759197816735253797e-41
8.312514989890631987e+05,5.556185225429332643e-42
9.117299484984939918e+05,1.654666282560452778e-42
